0.000000
0.036808
0.073573
0.110250
0.146797
0.183170
0.219326
0.255223
0.290819
0.326071
0.360940
0.395384
0.429365
0.462843
0.495780
0.528139
0.559884
0.590980
0.621394
0.651092
0.680042
0.708215
0.735581
0.762113
0.787784
0.812570
0.836447
0.859394
0.881390
0.902417
0.922458
0.941496
0.959519
0.976515
0.992473
1.007385
1.021243
1.034043
1.045780
1.056455
1.066066
1.074616
1.082107
1.088546
1.093939
1.098295
1.101624
1.103938
1.105251
1.105578
1.104935
1.103341
1.100815
1.097379
1.093055
1.087867
1.081840
1.075001
1.067377
1.058997
1.049890
1.040089
1.029624
1.018528
1.006835
0.994579
0.981796
0.968521
0.954790
0.940641
0.926110
0.911235
0.896055
0.880606
0.864928
0.849059
0.833037
0.816901
0.800688
0.784437
0.768185
0.751969
0.735827
0.719795
0.703908
0.688202
0.672711
0.657469
0.642509
0.627862
0.613561
0.599634
0.586111
0.573020
0.560387
0.548238
0.536598
0.525488
0.514931
0.504947
0.495555
0.486772
0.478613
0.471094
0.464227
0.458022
0.452490
0.447639
0.443475
0.440003
0.437226
0.435145
0.433761
0.433071
0.433073
0.433760
0.435127
0.437165
0.439865
0.443215
0.447201
0.451811
0.457027
0.462833
0.469210
0.476137
0.483593
0.491555
0.500000
0.508902
0.518234
0.527970
0.538080
0.548536
0.559306
0.570359
0.581664
0.593188
0.604896
0.616755
0.628731
0.640787
0.652888
0.664999
0.677082
0.689103
0.701023
0.712808
0.724419
0.735820
0.746976
0.757849
0.768405
0.778608
0.788422
0.797814
0.806749
0.815194
0.823117
0.830486
0.837270
0.843439
0.848964
0.853816
0.857970
0.861399
0.864079
0.865986
0.867098
0.867395
0.866857
0.865466
0.863206
0.860061
0.856019
0.851068
0.845196
0.838396
0.830661
0.821984
0.812363
0.801794
0.790279
0.777817
0.764413
0.750070
0.734796
0.718598
0.701486
0.683471
0.664567
0.644789
0.624151
0.602674
0.580375
0.557277
0.533401
0.508771
0.483413
0.457354
0.430621
0.403244
0.375254
0.346682
0.317561
0.287926
0.257811
0.227252
0.196287
0.164952
0.133287
0.101330
0.069122
0.036702
0.004113
-0.028606
-0.061412
-0.094263
-0.127118
-0.159933
-0.192666
-0.225276
-0.257719
-0.289954
-0.321938
-0.353631
-0.384990
-0.415975
-0.446546
-0.476663
-0.506287
-0.535380
-0.563904
-0.591822
-0.619099
-0.645701
-0.671593
-0.696742
-0.721118
-0.744691
-0.767430
-0.789309
-0.810302
-0.830383
-0.849529
-0.867719
-0.884931
-0.901148
-0.916352
-0.930527
-0.943659
-0.955737
-0.966750
-0.976689
-0.985547
-0.993318
-1.000000
-1.005590
-1.010088
-1.013496
-1.015818
-1.017058
-1.017224
-1.016324
-1.014369
-1.011370
-1.007342
-1.002300
-0.996260
-0.989241
-0.981264
-0.972349
-0.962521
-0.951802
-0.940220
-0.927800
-0.914573
-0.900567
-0.885812
-0.870342
-0.854188
-0.837386
-0.819969
-0.801973
-0.783436
-0.764394
-0.744885
-0.724948
-0.704622
-0.683946
-0.662960
-0.641705
-0.620221
-0.598549
-0.576729
-0.554802
-0.532809
-0.510790
-0.488785
-0.466836
-0.444981
-0.423259
-0.401711
-0.380373
-0.359283
-0.338479
-0.317997
-0.297872
-0.278138
-0.258829
-0.239978
-0.221615
-0.203772
-0.186478
-0.169760
-0.153645
-0.138158
-0.123324
-0.109165
-0.095702
-0.082955
-0.070942
-0.059680
-0.049183
-0.039465
-0.030539
-0.022413
-0.015097
-0.008598
-0.002920
0.001932
0.005957
0.009155
0.011527
0.013076
0.013807
0.013727
0.012843
0.011166
0.008706
0.005477
0.001493
-0.003230
-0.008675
-0.014823
-0.021654
-0.029145
-0.037275
-0.046019
-0.055352
-0.065246
-0.075675
-0.086609
-0.098020
-0.109875
-0.122145
-0.134795
-0.147793
-0.161106
-0.174698
-0.188535
-0.202581
-0.216800
-0.231156
-0.245613
-0.260132
-0.274679
-0.289215
-0.303703
-0.318107
-0.332390
-0.346515
-0.360446
-0.374147
-0.387583
-0.400719
-0.413520
-0.425953
-0.437985
-0.449583
-0.460715
-0.471353
-0.481465
-0.491023
-0.500000
-0.508369
-0.516106
-0.523186
-0.529586
-0.535285
-0.540263
-0.544502
-0.547983
-0.550692
-0.552615
-0.553737
-0.554050
-0.553541
-0.552205
-0.550034
-0.547024
-0.543172
-0.538476
-0.532937
-0.526556
-0.519337
-0.511286
-0.502408
-0.492714
-0.482212
-0.470915
-0.458835
-0.445989
-0.432392
-0.418061
-0.403018
-0.387282
-0.370876
-0.353823
-0.336148
-0.317878
-0.299041
-0.279664
-0.259777
-0.239413
-0.218601
-0.197376
-0.175771
-0.153821
-0.131560
-0.109026
-0.086255
-0.063285
-0.040152
-0.016897
0.006444
0.029830
0.053222
0.076582
0.099869
0.123044
0.146068
0.168901
0.191504
0.213839
0.235867
0.257549
0.278848
0.299728
0.320152
0.340083
0.359488
0.378331
0.396581
0.414204
0.431170
0.447447
0.463008
0.477824
0.491868
0.505116
0.517543
0.529127
0.539846
0.549681
0.558613
0.566626
0.573705
0.579836
0.585008
0.589209
0.592432
0.594669
0.595916
0.596169
0.595426
0.593688
0.590955
0.587232
0.582523
0.576836
0.570179
0.562563
0.553999
0.544501
0.534084
0.522766
0.510564
0.497500
0.483593
0.468868
0.453349
0.437062
0.420033
0.402293
0.383869
0.364794
0.345099
0.324818
0.303985
0.282634
0.260804
0.238529
0.215849
0.192802
0.169426
0.145762
0.121849
0.097729
0.073443
0.049032
0.024537
0.000000
-0.024537
-0.049032
-0.073443
-0.097729
-0.121849
-0.145762
-0.169426
-0.192802
-0.215849
-0.238529
-0.260804
-0.282634
-0.303985
-0.324818
-0.345099
-0.364794
-0.383869
-0.402293
-0.420033
-0.437062
-0.453349
-0.468868
-0.483593
-0.497500
-0.510564
-0.522766
-0.534084
-0.544501
-0.553999
-0.562563
-0.570179
-0.576836
-0.582523
-0.587232
-0.590955
-0.593688
-0.595426
-0.596169
-0.595916
-0.594669
-0.592432
-0.589209
-0.585008
-0.579836
-0.573705
-0.566626
-0.558613
-0.549681
-0.539846
-0.529127
-0.517543
-0.505116
-0.491868
-0.477824
-0.463008
-0.447447
-0.431170
-0.414204
-0.396581
-0.378331
-0.359488
-0.340083
-0.320152
-0.299728
-0.278848
-0.257549
-0.235867
-0.213839
-0.191504
-0.168901
-0.146068
-0.123044
-0.099869
-0.076582
-0.053222
-0.029830
-0.006444
0.016897
0.040152
0.063285
0.086255
0.109026
0.131560
0.153821
0.175771
0.197376
0.218601
0.239413
0.259777
0.279664
0.299041
0.317878
0.336148
0.353823
0.370876
0.387282
0.403018
0.418061
0.432392
0.445989
0.458835
0.470915
0.482212
0.492714
0.502408
0.511286
0.519337
0.526556
0.532937
0.538476
0.543172
0.547024
0.550034
0.552205
0.553541
0.554050
0.553737
0.552615
0.550692
0.547983
0.544502
0.540263
0.535285
0.529586
0.523186
0.516106
0.508369
0.500000
0.491023
0.481465
0.471353
0.460715
0.449583
0.437985
0.425953
0.413520
0.400719
0.387583
0.374147
0.360446
0.346515
0.332390
0.318107
0.303703
0.289215
0.274679
0.260132
0.245613
0.231156
0.216800
0.202581
0.188535
0.174698
0.161106
0.147793
0.134795
0.122145
0.109875
0.098020
0.086609
0.075675
0.065246
0.055352
0.046019
0.037275
0.029145
0.021654
0.014823
0.008675
0.003230
-0.001493
-0.005477
-0.008706
-0.011166
-0.012843
-0.013727
-0.013807
-0.013076
-0.011527
-0.009155
-0.005957
-0.001932
0.002920
0.008598
0.015097
0.022413
0.030539
0.039465
0.049183
0.059680
0.070942
0.082955
0.095702
0.109165
0.123324
0.138158
0.153645
0.169760
0.186478
0.203772
0.221615
0.239978
0.258829
0.278138
0.297872
0.317997
0.338479
0.359283
0.380373
0.401711
0.423259
0.444981
0.466836
0.488785
0.510790
0.532809
0.554802
0.576729
0.598549
0.620221
0.641705
0.662960
0.683946
0.704622
0.724948
0.744885
0.764394
0.783436
0.801973
0.819969
0.837386
0.854188
0.870342
0.885812
0.900567
0.914573
0.927800
0.940220
0.951802
0.962521
0.972349
0.981264
0.989241
0.996260
1.002300
1.007342
1.011370
1.014369
1.016324
1.017224
1.017058
1.015818
1.013496
1.010088
1.005590
1.000000
0.993318
0.985547
0.976689
0.966750
0.955737
0.943659
0.930527
0.916352
0.901148
0.884931
0.867719
0.849529
0.830383
0.810302
0.789309
0.767430
0.744691
0.721118
0.696742
0.671593
0.645701
0.619099
0.591822
0.563904
0.535380
0.506287
0.476663
0.446546
0.415975
0.384990
0.353631
0.321938
0.289954
0.257719
0.225276
0.192666
0.159933
0.127118
0.094263
0.061412
0.028606
-0.004113
-0.036702
-0.069122
-0.101330
-0.133287
-0.164952
-0.196287
-0.227252
-0.257811
-0.287926
-0.317561
-0.346682
-0.375254
-0.403244
-0.430621
-0.457354
-0.483413
-0.508771
-0.533401
-0.557277
-0.580375
-0.602674
-0.624151
-0.644789
-0.664567
-0.683471
-0.701486
-0.718598
-0.734796
-0.750070
-0.764413
-0.777817
-0.790279
-0.801794
-0.812363
-0.821984
-0.830661
-0.838396
-0.845196
-0.851068
-0.856019
-0.860061
-0.863206
-0.865466
-0.866857
-0.867395
-0.867098
-0.865986
-0.864079
-0.861399
-0.857970
-0.853816
-0.848964
-0.843439
-0.837270
-0.830486
-0.823117
-0.815194
-0.806749
-0.797814
-0.788422
-0.778608
-0.768405
-0.757849
-0.746976
-0.735820
-0.724419
-0.712808
-0.701023
-0.689103
-0.677082
-0.664999
-0.652888
-0.640787
-0.628731
-0.616755
-0.604896
-0.593188
-0.581664
-0.570359
-0.559306
-0.548536
-0.538080
-0.527970
-0.518234
-0.508902
-0.500000
-0.491555
-0.483593
-0.476137
-0.469210
-0.462833
-0.457027
-0.451811
-0.447201
-0.443215
-0.439865
-0.437165
-0.435127
-0.433760
-0.433073
-0.433071
-0.433761
-0.435145
-0.437226
-0.440003
-0.443475
-0.447639
-0.452490
-0.458022
-0.464227
-0.471094
-0.478613
-0.486772
-0.495555
-0.504947
-0.514931
-0.525488
-0.536598
-0.548238
-0.560387
-0.573020
-0.586111
-0.599634
-0.613561
-0.627862
-0.642509
-0.657469
-0.672711
-0.688202
-0.703908
-0.719795
-0.735827
-0.751969
-0.768185
-0.784437
-0.800688
-0.816901
-0.833037
-0.849059
-0.864928
-0.880606
-0.896055
-0.911235
-0.926110
-0.940641
-0.954790
-0.968521
-0.981796
-0.994579
-1.006835
-1.018528
-1.029624
-1.040089
-1.049890
-1.058997
-1.067377
-1.075001
-1.081840
-1.087867
-1.093055
-1.097379
-1.100815
-1.103341
-1.104935
-1.105578
-1.105251
-1.103938
-1.101624
-1.098295
-1.093939
-1.088546
-1.082107
-1.074616
-1.066066
-1.056455
-1.045780
-1.034043
-1.021243
-1.007385
-0.992473
-0.976515
-0.959519
-0.941496
-0.922458
-0.902417
-0.881390
-0.859394
-0.836447
-0.812570
-0.787784
-0.762113
-0.735581
-0.708215
-0.680042
-0.651092
-0.621394
-0.590980
-0.559884
-0.528139
-0.495780
-0.462843
-0.429365
-0.395384
-0.360940
-0.326071
-0.290819
-0.255223
-0.219326
-0.183170
-0.146797
-0.110250
-0.073573
-0.036808
-0.000000
0.036808
0.073573
0.110250
0.146797
0.183170
0.219326
0.255223
0.290819
0.326071
0.360940
0.395384
0.429365
0.462843
0.495780
0.528139
0.559884
0.590980
0.621394
0.651092
0.680042
0.708215
0.735581
0.762113
0.787784
0.812570
0.836447
0.859394
0.881390
0.902417
0.922458
0.941496
0.959519
0.976515
0.992473
1.007385
1.021243
1.034043
1.045780
1.056455
1.066066
1.074616
1.082107
1.088546
1.093939
1.098295
1.101624
1.103938
1.105251
1.105578
1.104935
1.103341
1.100815
1.097379
1.093055
1.087867
1.081840
1.075001
1.067377
1.058997
1.049890
1.040089
1.029624
1.018528
1.006835
0.994579
0.981796
0.968521
0.954790
0.940641
0.926110
0.911235
0.896055
0.880606
0.864928
0.849059
0.833037
0.816901
0.800688
0.784437
0.768185
0.751969
0.735827
0.719795
0.703908
0.688202
0.672711
0.657469
0.642509
0.627862
0.613561
0.599634
0.586111
0.573020
0.560387
0.548238
0.536598
0.525488
0.514931
0.504947
0.495555
0.486772
0.478613
0.471094
0.464227
0.458022
0.452490
0.447639
0.443475
0.440003
0.437226
0.435145
0.433761
0.433071
0.433073
0.433760
0.435127
0.437165
0.439865
0.443215
0.447201
0.451811
0.457027
0.462833
0.469210
0.476137
0.483593
0.491555
0.500000
0.508902
0.518234
0.527970
0.538080
0.548536
0.559306
0.570359
0.581664
0.593188
0.604896
0.616755
0.628731
0.640787
0.652888
0.664999
0.677082
0.689103
0.701023
0.712808
0.724419
0.735820
0.746976
0.757849
0.768405
0.778608
0.788422
0.797814
0.806749
0.815194
0.823117
0.830486
0.837270
0.843439
0.848964
0.853816
0.857970
0.861399
0.864079
0.865986
0.867098
0.867395
0.866857
0.865466
0.863206
0.860061
0.856019
0.851068
0.845196
0.838396
0.830661
0.821984
0.812363
0.801794
0.790279
0.777817
0.764413
0.750070
0.734796
0.718598
0.701486
0.683471
0.664567
0.644789
0.624151
0.602674
0.580375
0.557277
0.533401
0.508771
0.483413
0.457354
0.430621
0.403244
0.375254
0.346682
0.317561
0.287926
0.257811
0.227252
0.196287
0.164952
0.133287
0.101330
0.069122
0.036702
0.004113
-0.028606
-0.061412
-0.094263
-0.127118
-0.159933
-0.192666
-0.225276
-0.257719
-0.289954
-0.321938
-0.353631
-0.384990
-0.415975
-0.446546
-0.476663
-0.506287
-0.535380
-0.563904
-0.591822
-0.619099
-0.645701
-0.671593
-0.696742
-0.721118
-0.744691
-0.767430
-0.789309
-0.810302
-0.830383
-0.849529
-0.867719
-0.884931
-0.901148
-0.916352
-0.930527
-0.943659
-0.955737
-0.966750
-0.976689
-0.985547
-0.993318
-1.000000
-1.005590
-1.010088
-1.013496
-1.015818
-1.017058
-1.017224
-1.016324
-1.014369
-1.011370
-1.007342
-1.002300
-0.996260
-0.989241
-0.981264
-0.972349
-0.962521
-0.951802
-0.940220
-0.927800
-0.914573
-0.900567
-0.885812
-0.870342
-0.854188
-0.837386
-0.819969
-0.801973
-0.783436
-0.764394
-0.744885
-0.724948
-0.704622
-0.683946
-0.662960
-0.641705
-0.620221
-0.598549
-0.576729
-0.554802
-0.532809
-0.510790
-0.488785
-0.466836
-0.444981
-0.423259
-0.401711
-0.380373
-0.359283
-0.338479
-0.317997
-0.297872
-0.278138
-0.258829
-0.239978
-0.221615
-0.203772
-0.186478
-0.169760
-0.153645
-0.138158
-0.123324
-0.109165
-0.095702
-0.082955
-0.070942
-0.059680
-0.049183
-0.039465
-0.030539
-0.022413
-0.015097
-0.008598
-0.002920
0.001932
0.005957
0.009155
0.011527
0.013076
0.013807
0.013727
0.012843
0.011166
0.008706
0.005477
0.001493
-0.003230
-0.008675
-0.014823
-0.021654
-0.029145
-0.037275
-0.046019
-0.055352
-0.065246
-0.075675
-0.086609
-0.098020
-0.109875
-0.122145
-0.134795
-0.147793
-0.161106
-0.174698
-0.188535
-0.202581
-0.216800
-0.231156
-0.245613
-0.260132
-0.274679
-0.289215
-0.303703
-0.318107
-0.332390
-0.346515
-0.360446
-0.374147
-0.387583
-0.400719
-0.413520
-0.425953
-0.437985
-0.449583
-0.460715
-0.471353
-0.481465
-0.491023
-0.500000
-0.508369
-0.516106
-0.523186
-0.529586
-0.535285
-0.540263
-0.544502
-0.547983
-0.550692
-0.552615
-0.553737
-0.554050
-0.553541
-0.552205
-0.550034
-0.547024
-0.543172
-0.538476
-0.532937
-0.526556
-0.519337
-0.511286
-0.502408
-0.492714
-0.482212
-0.470915
-0.458835
-0.445989
-0.432392
-0.418061
-0.403018
-0.387282
-0.370876
-0.353823
-0.336148
-0.317878
-0.299041
-0.279664
-0.259777
-0.239413
-0.218601
-0.197376
-0.175771
-0.153821
-0.131560
-0.109026
-0.086255
-0.063285
-0.040152
-0.016897
0.006444
0.029830
0.053222
0.076582
0.099869
0.123044
0.146068
0.168901
0.191504
0.213839
0.235867
0.257549
0.278848
0.299728
0.320152
0.340083
0.359488
0.378331
0.396581
0.414204
0.431170
0.447447
0.463008
0.477824
0.491868
0.505116
0.517543
0.529127
0.539846
0.549681
0.558613
0.566626
0.573705
0.579836
0.585008
0.589209
0.592432
0.594669
0.595916
0.596169
0.595426
0.593688
0.590955
0.587232
0.582523
0.576836
0.570179
0.562563
0.553999
0.544501
0.534084
0.522766
0.510564
0.497500
0.483593
0.468868
0.453349
0.437062
0.420033
0.402293
0.383869
0.364794
0.345099
0.324818
0.303985
0.282634
0.260804
0.238529
0.215849
0.192802
0.169426
0.145762
0.121849
0.097729
0.073443
0.049032
0.024537
-0.000000
-0.024537
-0.049032
-0.073443
-0.097729
-0.121849
-0.145762
-0.169426
-0.192802
-0.215849
-0.238529
-0.260804
-0.282634
-0.303985
-0.324818
-0.345099
-0.364794
-0.383869
-0.402293
-0.420033
-0.437062
-0.453349
-0.468868
-0.483593
-0.497500
-0.510564
-0.522766
-0.534084
-0.544501
-0.553999
-0.562563
-0.570179
-0.576836
-0.582523
-0.587232
-0.590955
-0.593688
-0.595426
-0.596169
-0.595916
-0.594669
-0.592432
-0.589209
-0.585008
-0.579836
-0.573705
-0.566626
-0.558613
-0.549681
-0.539846
-0.529127
-0.517543
-0.505116
-0.491868
-0.477824
-0.463008
-0.447447
-0.431170
-0.414204
-0.396581
-0.378331
-0.359488
-0.340083
-0.320152
-0.299728
-0.278848
-0.257549
-0.235867
-0.213839
-0.191504
-0.168901
-0.146068
-0.123044
-0.099869
-0.076582
-0.053222
-0.029830
-0.006444
0.016897
0.040152
0.063285
0.086255
0.109026
0.131560
0.153821
0.175771
0.197376
0.218601
0.239413
0.259777
0.279664
0.299041
0.317878
0.336148
0.353823
0.370876
0.387282
0.403018
0.418061
0.432392
0.445989
0.458835
0.470915
0.482212
0.492714
0.502408
0.511286
0.519337
0.526556
0.532937
0.538476
0.543172
0.547024
0.550034
0.552205
0.553541
0.554050
0.553737
0.552615
0.550692
0.547983
0.544502
0.540263
0.535285
0.529586
0.523186
0.516106
0.508369
0.500000
0.491023
0.481465
0.471353
0.460715
0.449583
0.437985
0.425953
0.413520
0.400719
0.387583
0.374147
0.360446
0.346515
0.332390
0.318107
0.303703
0.289215
0.274679
0.260132
0.245613
0.231156
0.216800
0.202581
0.188535
0.174698
0.161106
0.147793
0.134795
0.122145
0.109875
0.098020
0.086609
0.075675
0.065246
0.055352
0.046019
0.037275
0.029145
0.021654
0.014823
0.008675
0.003230
-0.001493
-0.005477
-0.008706
-0.011166
-0.012843
-0.013727
-0.013807
-0.013076
-0.011527
-0.009155
-0.005957
-0.001932
0.002920
0.008598
0.015097
0.022413
0.030539
0.039465
0.049183
0.059680
0.070942
0.082955
0.095702
0.109165
0.123324
0.138158
0.153645
0.169760
0.186478
0.203772
0.221615
0.239978
0.258829
0.278138
0.297872
0.317997
0.338479
0.359283
0.380373
0.401711
0.423259
0.444981
0.466836
0.488785
0.510790
0.532809
0.554802
0.576729
0.598549
0.620221
0.641705
0.662960
0.683946
0.704622
0.724948
0.744885
0.764394
0.783436
0.801973
0.819969
0.837386
0.854188
0.870342
0.885812
0.900567
0.914573
0.927800
0.940220
0.951802
0.962521
0.972349
0.981264
0.989241
0.996260
1.002300
1.007342
1.011370
1.014369
1.016324
1.017224
1.017058
1.015818
1.013496
1.010088
1.005590
1.000000
0.993318
0.985547
0.976689
0.966750
0.955737
0.943659
0.930527
0.916352
0.901148
0.884931
0.867719
0.849529
0.830383
0.810302
0.789309
0.767430
0.744691
0.721118
0.696742
0.671593
0.645701
0.619099
0.591822
0.563904
0.535380
0.506287
0.476663
0.446546
0.415975
0.384990
0.353631
0.321938
0.289954
0.257719
0.225276
0.192666
0.159933
0.127118
0.094263
0.061412
0.028606
-0.004113
-0.036702
-0.069122
-0.101330
-0.133287
-0.164952
-0.196287
-0.227252
-0.257811
-0.287926
-0.317561
-0.346682
-0.375254
-0.403244
-0.430621
-0.457354
-0.483413
-0.508771
-0.533401
-0.557277
-0.580375
-0.602674
-0.624151
-0.644789
-0.664567
-0.683471
-0.701486
-0.718598
-0.734796
-0.750070
-0.764413
-0.777817
-0.790279
-0.801794
-0.812363
-0.821984
-0.830661
-0.838396
-0.845196
-0.851068
-0.856019
-0.860061
-0.863206
-0.865466
-0.866857
-0.867395
-0.867098
-0.865986
-0.864079
-0.861399
-0.857970
-0.853816
-0.848964
-0.843439
-0.837270
-0.830486
-0.823117
-0.815194
-0.806749
-0.797814
-0.788422
-0.778608
-0.768405
-0.757849
-0.746976
-0.735820
-0.724419
-0.712808
-0.701023
-0.689103
-0.677082
-0.664999
-0.652888
-0.640787
-0.628731
-0.616755
-0.604896
-0.593188
-0.581664
-0.570359
-0.559306
-0.548536
-0.538080
-0.527970
-0.518234
-0.508902
-0.500000
-0.491555
-0.483593
-0.476137
-0.469210
-0.462833
-0.457027
-0.451811
-0.447201
-0.443215
-0.439865
-0.437165
-0.435127
-0.433760
-0.433073
-0.433071
-0.433761
-0.435145
-0.437226
-0.440003
-0.443475
-0.447639
-0.452490
-0.458022
-0.464227
-0.471094
-0.478613
-0.486772
-0.495555
-0.504947
-0.514931
-0.525488
-0.536598
-0.548238
-0.560387
-0.573020
-0.586111
-0.599634
-0.613561
-0.627862
-0.642509
-0.657469
-0.672711
-0.688202
-0.703908
-0.719795
-0.735827
-0.751969
-0.768185
-0.784437
-0.800688
-0.816901
-0.833037
-0.849059
-0.864928
-0.880606
-0.896055
-0.911235
-0.926110
-0.940641
-0.954790
-0.968521
-0.981796
-0.994579
-1.006835
-1.018528
-1.029624
-1.040089
-1.049890
-1.058997
-1.067377
-1.075001
-1.081840
-1.087867
-1.093055
-1.097379
-1.100815
-1.103341
-1.104935
-1.105578
-1.105251
-1.103938
-1.101624
-1.098295
-1.093939
-1.088546
-1.082107
-1.074616
-1.066066
-1.056455
-1.045780
-1.034043
-1.021243
-1.007385
-0.992473
-0.976515
-0.959519
-0.941496
-0.922458
-0.902417
-0.881390
-0.859394
-0.836447
-0.812570
-0.787784
-0.762113
-0.735581
-0.708215
-0.680042
-0.651092
-0.621394
-0.590980
-0.559884
-0.528139
-0.495780
-0.462843
-0.429365
-0.395384
-0.360940
-0.326071
-0.290819
-0.255223
-0.219326
-0.183170
-0.146797
-0.110250
-0.073573
-0.036808
-0.000000
0.036808
0.073573
0.110250
0.146797
0.183170
0.219326
0.255223
0.290819
0.326071
0.360940
0.395384
0.429365
0.462843
0.495780
0.528139
0.559884
0.590980
0.621394
0.651092
0.680042
0.708215
0.735581
0.762113
0.787784
0.812570
0.836447
0.859394
0.881390
0.902417
0.922458
0.941496
0.959519
0.976515
0.992473
1.007385
1.021243
1.034043
1.045780
1.056455
1.066066
1.074616
1.082107
1.088546
1.093939
1.098295
1.101624
1.103938
1.105251
1.105578
1.104935
1.103341
1.100815
1.097379
1.093055
1.087867
1.081840
1.075001
1.067377
1.058997
1.049890
1.040089
1.029624
1.018528
1.006835
0.994579
0.981796
0.968521
0.954790
0.940641
0.926110
0.911235
0.896055
0.880606
0.864928
0.849059
0.833037
0.816901
0.800688
0.784437
0.768185
0.751969
0.735827
0.719795
0.703908
0.688202
0.672711
0.657469
0.642509
0.627862
0.613561
0.599634
0.586111
0.573020
0.560387
0.548238
0.536598
0.525488
0.514931
0.504947
0.495555
0.486772
0.478613
0.471094
0.464227
0.458022
0.452490
0.447639
0.443475
0.440003
0.437226
0.435145
0.433761
0.433071
0.433073
0.433760
0.435127
0.437165
0.439865
0.443215
0.447201
0.451811
0.457027
0.462833
0.469210
0.476137
0.483593
0.491555
0.500000
0.508902
0.518234
0.527970
0.538080
0.548536
0.559306
0.570359
0.581664
0.593188
0.604896
0.616755
0.628731
0.640787
0.652888
0.664999
0.677082
0.689103
0.701023
0.712808
0.724419
0.735820
0.746976
0.757849
0.768405
0.778608
0.788422
0.797814
0.806749
0.815194
0.823117
0.830486
0.837270
0.843439
0.848964
0.853816
0.857970
0.861399
0.864079
0.865986
0.867098
0.867395
0.866857
0.865466
0.863206
0.860061
0.856019
0.851068
0.845196
0.838396
0.830661
0.821984
0.812363
0.801794
0.790279
0.777817
0.764413
0.750070
0.734796
0.718598
0.701486
0.683471
0.664567
0.644789
0.624151
0.602674
0.580375
0.557277
0.533401
0.508771
0.483413
0.457354
0.430621
0.403244
0.375254
0.346682
0.317561
0.287926
0.257811
0.227252
0.196287
0.164952
0.133287
0.101330
0.069122
0.036702
0.004113
-0.028606
-0.061412
-0.094263
-0.127118
-0.159933
-0.192666
-0.225276
-0.257719
-0.289954
-0.321938
-0.353631
-0.384990
-0.415975
-0.446546
-0.476663
-0.506287
-0.535380
-0.563904
-0.591822
-0.619099
-0.645701
-0.671593
-0.696742
-0.721118
-0.744691
-0.767430
-0.789309
-0.810302
-0.830383
-0.849529
-0.867719
-0.884931
-0.901148
-0.916352
-0.930527
-0.943659
-0.955737
-0.966750
-0.976689
-0.985547
-0.993318
-1.000000
-1.005590
-1.010088
-1.013496
-1.015818
-1.017058
-1.017224
-1.016324
-1.014369
-1.011370
-1.007342
-1.002300
-0.996260
-0.989241
-0.981264
-0.972349
-0.962521
-0.951802
-0.940220
-0.927800
-0.914573
-0.900567
-0.885812
-0.870342
-0.854188
-0.837386
-0.819969
-0.801973
-0.783436
-0.764394
-0.744885
-0.724948
-0.704622
-0.683946
-0.662960
-0.641705
-0.620221
-0.598549
-0.576729
-0.554802
-0.532809
-0.510790
-0.488785
-0.466836
-0.444981
-0.423259
-0.401711
-0.380373
-0.359283
-0.338479
-0.317997
-0.297872
-0.278138
-0.258829
-0.239978
-0.221615
-0.203772
-0.186478
-0.169760
-0.153645
-0.138158
-0.123324
-0.109165
-0.095702
-0.082955
-0.070942
-0.059680
-0.049183
-0.039465
-0.030539
-0.022413
-0.015097
-0.008598
-0.002920
0.001932
0.005957
0.009155
0.011527
0.013076
0.013807
0.013727
0.012843
0.011166
0.008706
0.005477
0.001493
-0.003230
-0.008675
-0.014823
-0.021654
-0.029145
-0.037275
-0.046019
-0.055352
-0.065246
-0.075675
-0.086609
-0.098020
-0.109875
-0.122145
-0.134795
-0.147793
-0.161106
-0.174698
-0.188535
-0.202581
-0.216800
-0.231156
-0.245613
-0.260132
-0.274679
-0.289215
-0.303703
-0.318107
-0.332390
-0.346515
-0.360446
-0.374147
-0.387583
-0.400719
-0.413520
-0.425953
-0.437985
-0.449583
-0.460715
-0.471353
-0.481465
-0.491023
-0.500000
-0.508369
-0.516106
-0.523186
-0.529586
-0.535285
-0.540263
-0.544502
-0.547983
-0.550692
-0.552615
-0.553737
-0.554050
-0.553541
-0.552205
-0.550034
-0.547024
-0.543172
-0.538476
-0.532937
-0.526556
-0.519337
-0.511286
-0.502408
-0.492714
-0.482212
-0.470915
-0.458835
-0.445989
-0.432392
-0.418061
-0.403018
-0.387282
-0.370876
-0.353823
-0.336148
-0.317878
-0.299041
-0.279664
-0.259777
-0.239413
-0.218601
-0.197376
-0.175771
-0.153821
-0.131560
-0.109026
-0.086255
-0.063285
-0.040152
-0.016897
0.006444
0.029830
0.053222
0.076582
0.099869
0.123044
0.146068
0.168901
0.191504
0.213839
0.235867
0.257549
0.278848
0.299728
0.320152
0.340083
0.359488
0.378331
0.396581
0.414204
0.431170
0.447447
0.463008
0.477824
0.491868
0.505116
0.517543
0.529127
0.539846
0.549681
0.558613
0.566626
0.573705
0.579836
0.585008
0.589209
0.592432
0.594669
0.595916
0.596169
0.595426
0.593688
0.590955
0.587232
0.582523
0.576836
0.570179
0.562563
0.553999
0.544501
0.534084
0.522766
0.510564
0.497500
0.483593
0.468868
0.453349
0.437062
0.420033
0.402293
0.383869
0.364794
0.345099
0.324818
0.303985
0.282634
0.260804
0.238529
0.215849
0.192802
0.169426
0.145762
0.121849
0.097729
0.073443
0.049032
0.024537
0.000000
-0.024537
-0.049032
-0.073443
-0.097729
-0.121849
-0.145762
-0.169426
-0.192802
-0.215849
-0.238529
-0.260804
-0.282634
-0.303985
-0.324818
-0.345099
-0.364794
-0.383869
-0.402293
-0.420033
-0.437062
-0.453349
-0.468868
-0.483593
-0.497500
-0.510564
-0.522766
-0.534084
-0.544501
-0.553999
-0.562563
-0.570179
-0.576836
-0.582523
-0.587232
-0.590955
-0.593688
-0.595426
-0.596169
-0.595916
-0.594669
-0.592432
-0.589209
-0.585008
-0.579836
-0.573705
-0.566626
-0.558613
-0.549681
-0.539846
-0.529127
-0.517543
-0.505116
-0.491868
-0.477824
-0.463008
-0.447447
-0.431170
-0.414204
-0.396581
-0.378331
-0.359488
-0.340083
-0.320152
-0.299728
-0.278848
-0.257549
-0.235867
-0.213839
-0.191504
-0.168901
-0.146068
-0.123044
-0.099869
-0.076582
-0.053222
-0.029830
-0.006444
0.016897
0.040152
0.063285
0.086255
0.109026
0.131560
0.153821
0.175771
0.197376
0.218601
0.239413
0.259777
0.279664
0.299041
0.317878
0.336148
0.353823
0.370876
0.387282
0.403018
0.418061
0.432392
0.445989
0.458835
0.470915
0.482212
0.492714
0.502408
0.511286
0.519337
0.526556
0.532937
0.538476
0.543172
0.547024
0.550034
0.552205
0.553541
0.554050
0.553737
0.552615
0.550692
0.547983
0.544502
0.540263
0.535285
0.529586
0.523186
0.516106
0.508369
0.500000
0.491023
0.481465
0.471353
0.460715
0.449583
0.437985
0.425953
0.413520
0.400719
0.387583
0.374147
0.360446
0.346515
0.332390
0.318107
0.303703
0.289215
0.274679
0.260132
0.245613
0.231156
0.216800
0.202581
0.188535
0.174698
0.161106
0.147793
0.134795
0.122145
0.109875
0.098020
0.086609
0.075675
0.065246
0.055352
0.046019
0.037275
0.029145
0.021654
0.014823
0.008675
0.003230
-0.001493
-0.005477
-0.008706
-0.011166
-0.012843
-0.013727
-0.013807
-0.013076
-0.011527
-0.009155
-0.005957
-0.001932
0.002920
0.008598
0.015097
0.022413
0.030539
0.039465
0.049183
0.059680
0.070942
0.082955
0.095702
0.109165
0.123324
0.138158
0.153645
0.169760
0.186478
0.203772
0.221615
0.239978
0.258829
0.278138
0.297872
0.317997
0.338479
0.359283
0.380373
0.401711
0.423259
0.444981
0.466836
0.488785
0.510790
0.532809
0.554802
0.576729
0.598549
0.620221
0.641705
0.662960
0.683946
0.704622
0.724948
0.744885
0.764394
0.783436
0.801973
0.819969
0.837386
0.854188
0.870342
0.885812
0.900567
0.914573
0.927800
0.940220
0.951802
0.962521
0.972349
0.981264
0.989241
0.996260
1.002300
1.007342
1.011370
1.014369
1.016324
1.017224
1.017058
1.015818
1.013496
1.010088
1.005590
1.000000
0.993318
0.985547
0.976689
0.966750
0.955737
0.943659
0.930527
0.916352
0.901148
0.884931
0.867719
0.849529
0.830383
0.810302
0.789309
0.767430
0.744691
0.721118
0.696742
0.671593
0.645701
0.619099
0.591822
0.563904
0.535380
0.506287
0.476663
0.446546
0.415975
0.384990
0.353631
0.321938
0.289954
0.257719
0.225276
0.192666
0.159933
0.127118
0.094263
0.061412
0.028606
-0.004113
-0.036702
-0.069122
-0.101330
-0.133287
-0.164952
-0.196287
-0.227252
-0.257811
-0.287926
-0.317561
-0.346682
-0.375254
-0.403244
-0.430621
-0.457354
-0.483413
-0.508771
-0.533401
-0.557277
-0.580375
-0.602674
-0.624151
-0.644789
-0.664567
-0.683471
-0.701486
-0.718598
-0.734796
-0.750070
-0.764413
-0.777817
-0.790279
-0.801794
-0.812363
-0.821984
-0.830661
-0.838396
-0.845196
-0.851068
-0.856019
-0.860061
-0.863206
-0.865466
-0.866857
-0.867395
-0.867098
-0.865986
-0.864079
-0.861399
-0.857970
-0.853816
-0.848964
-0.843439
-0.837270
-0.830486
-0.823117
-0.815194
-0.806749
-0.797814
-0.788422
-0.778608
-0.768405
-0.757849
-0.746976
-0.735820
-0.724419
-0.712808
-0.701023
-0.689103
-0.677082
-0.664999
-0.652888
-0.640787
-0.628731
-0.616755
-0.604896
-0.593188
-0.581664
-0.570359
-0.559306
-0.548536
-0.538080
-0.527970
-0.518234
-0.508902
-0.500000
-0.491555
-0.483593
-0.476137
-0.469210
-0.462833
-0.457027
-0.451811
-0.447201
-0.443215
-0.439865
-0.437165
-0.435127
-0.433760
-0.433073
-0.433071
-0.433761
-0.435145
-0.437226
-0.440003
-0.443475
-0.447639
-0.452490
-0.458022
-0.464227
-0.471094
-0.478613
-0.486772
-0.495555
-0.504947
-0.514931
-0.525488
-0.536598
-0.548238
-0.560387
-0.573020
-0.586111
-0.599634
-0.613561
-0.627862
-0.642509
-0.657469
-0.672711
-0.688202
-0.703908
-0.719795
-0.735827
-0.751969
-0.768185
-0.784437
-0.800688
-0.816901
-0.833037
-0.849059
-0.864928
-0.880606
-0.896055
-0.911235
-0.926110
-0.940641
-0.954790
-0.968521
-0.981796
-0.994579
-1.006835
-1.018528
-1.029624
-1.040089
-1.049890
-1.058997
-1.067377
-1.075001
-1.081840
-1.087867
-1.093055
-1.097379
-1.100815
-1.103341
-1.104935
-1.105578
-1.105251
-1.103938
-1.101624
-1.098295
-1.093939
-1.088546
-1.082107
-1.074616
-1.066066
-1.056455
-1.045780
-1.034043
-1.021243
-1.007385
-0.992473
-0.976515
-0.959519
-0.941496
-0.922458
-0.902417
-0.881390
-0.859394
-0.836447
-0.812570
-0.787784
-0.762113
-0.735581
-0.708215
-0.680042
-0.651092
-0.621394
-0.590980
-0.559884
-0.528139
-0.495780
-0.462843
-0.429365
-0.395384
-0.360940
-0.326071
-0.290819
-0.255223
-0.219326
-0.183170
-0.146797
-0.110250
-0.073573
-0.036808
