0.000000
0.073617
0.147146
0.220501
0.293594
0.366340
0.438652
0.510446
0.581637
0.652143
0.721880
0.790769
0.858730
0.925685
0.991559
1.056278
1.119768
1.181961
1.242788
1.302183
1.360084
1.416430
1.471162
1.524226
1.575568
1.625140
1.672895
1.718789
1.762781
1.804834
1.844915
1.882993
1.919039
1.953030
1.984946
2.014769
2.042486
2.068085
2.091561
2.112910
2.132132
2.149231
2.164214
2.177092
2.187878
2.196590
2.203248
2.207876
2.210502
2.211155
2.209870
2.206682
2.201631
2.194758
2.186111
2.175735
2.163681
2.150002
2.134754
2.117994
2.099781
2.080178
2.059247
2.037056
2.013670
1.989159
1.963592
1.937042
1.909581
1.881282
1.852220
1.822471
1.792109
1.761212
1.729857
1.698118
1.666074
1.633802
1.601376
1.568874
1.536370
1.503939
1.471654
1.439590
1.407816
1.376404
1.345422
1.314938
1.285017
1.255724
1.227121
1.199268
1.172222
1.146039
1.120774
1.096476
1.073195
1.050976
1.029863
1.009895
0.991110
0.973544
0.957227
0.942188
0.928453
0.916044
0.904981
0.895279
0.886951
0.880006
0.874452
0.870291
0.867522
0.866142
0.866145
0.867520
0.870254
0.874330
0.879730
0.886429
0.894403
0.903622
0.914055
0.925666
0.938419
0.952274
0.967186
0.983111
1.000000
1.017803
1.036468
1.055940
1.076160
1.097071
1.118612
1.140719
1.163329
1.186376
1.209793
1.233511
1.257461
1.281573
1.305776
1.329997
1.354165
1.378206
1.402047
1.425615
1.448837
1.471640
1.493951
1.515699
1.536810
1.557216
1.576844
1.595628
1.613498
1.630389
1.646235
1.660972
1.674540
1.686878
1.697927
1.707633
1.715941
1.722799
1.728158
1.731972
1.734196
1.734790
1.733714
1.730932
1.726412
1.720123
1.712039
1.702136
1.690393
1.676793
1.661321
1.643968
1.624725
1.603589
1.580557
1.555634
1.528826
1.500141
1.469592
1.437196
1.402972
1.366942
1.329134
1.289577
1.248303
1.205348
1.160751
1.114553
1.066801
1.017542
0.966826
0.914707
0.861242
0.806488
0.750508
0.693364
0.635123
0.575852
0.515622
0.454505
0.392574
0.329904
0.266574
0.202661
0.138244
0.073405
0.008225
-0.057212
-0.122824
-0.188526
-0.254235
-0.319865
-0.385333
-0.450552
-0.515438
-0.579908
-0.643877
-0.707261
-0.769980
-0.831950
-0.893092
-0.953326
-1.012574
-1.070760
-1.127807
-1.183644
-1.238199
-1.291402
-1.343185
-1.393485
-1.442237
-1.489381
-1.534860
-1.578619
-1.620604
-1.660766
-1.699059
-1.735438
-1.769863
-1.802296
-1.832703
-1.861054
-1.887319
-1.911475
-1.933500
-1.953378
-1.971094
-1.986637
-2.000000
-2.011180
-2.020176
-2.026993
-2.031636
-2.034116
-2.034448
-2.032648
-2.028738
-2.022741
-2.014684
-2.004599
-1.992520
-1.978482
-1.962528
-1.944699
-1.925041
-1.903604
-1.880439
-1.855601
-1.829146
-1.801133
-1.771624
-1.740684
-1.708377
-1.674771
-1.639938
-1.603947
-1.566872
-1.528788
-1.489770
-1.449896
-1.409243
-1.367892
-1.325921
-1.283411
-1.240443
-1.197098
-1.153458
-1.109604
-1.065617
-1.021579
-0.977571
-0.933672
-0.889962
-0.846519
-0.803421
-0.760746
-0.718567
-0.676959
-0.635994
-0.595744
-0.556276
-0.517658
-0.479956
-0.443231
-0.407545
-0.372956
-0.339520
-0.307290
-0.276317
-0.246649
-0.218330
-0.191405
-0.165911
-0.141885
-0.119360
-0.098366
-0.078931
-0.061077
-0.044826
-0.030194
-0.017195
-0.005840
0.003865
0.011915
0.018310
0.023054
0.026152
0.027614
0.027454
0.025686
0.022332
0.017413
0.010954
0.002986
-0.006460
-0.017350
-0.029646
-0.043307
-0.058291
-0.074550
-0.092038
-0.110703
-0.130492
-0.151350
-0.173219
-0.196040
-0.219751
-0.244289
-0.269590
-0.295587
-0.322212
-0.349396
-0.377070
-0.405162
-0.433601
-0.462313
-0.491225
-0.520265
-0.549357
-0.578429
-0.607406
-0.636214
-0.664779
-0.693029
-0.720892
-0.748294
-0.775166
-0.801438
-0.827041
-0.851906
-0.875969
-0.899165
-0.921431
-0.942705
-0.962929
-0.982046
-1.000000
-1.016739
-1.032212
-1.046371
-1.059171
-1.070570
-1.080526
-1.089003
-1.095966
-1.101385
-1.105229
-1.107475
-1.108099
-1.107083
-1.104410
-1.100069
-1.094049
-1.086344
-1.076952
-1.065874
-1.053112
-1.038674
-1.022571
-1.004817
-0.985428
-0.964424
-0.941829
-0.917671
-0.891978
-0.864783
-0.836123
-0.806036
-0.774564
-0.741751
-0.707646
-0.672297
-0.635757
-0.598081
-0.559327
-0.519555
-0.478825
-0.437202
-0.394752
-0.351542
-0.307641
-0.263121
-0.218053
-0.172511
-0.126570
-0.080305
-0.033794
0.012887
0.059659
0.106445
0.153164
0.199738
0.246088
0.292136
0.337802
0.383009
0.427678
0.471733
0.515098
0.557697
0.599456
0.640303
0.680166
0.718976
0.756663
0.793162
0.828408
0.862339
0.894894
0.926016
0.955647
0.983736
1.010232
1.035086
1.058253
1.079692
1.099361
1.117226
1.133253
1.147410
1.159673
1.170015
1.178418
1.184864
1.189339
1.191833
1.192338
1.190853
1.187375
1.181910
1.174464
1.165046
1.153672
1.140358
1.125125
1.107997
1.089001
1.068168
1.045531
1.021128
0.994999
0.967186
0.937736
0.906698
0.874124
0.840067
0.804585
0.767738
0.729588
0.690198
0.649636
0.607969
0.565269
0.521608
0.477059
0.431698
0.385603
0.338852
0.291523
0.243699
0.195459
0.146886
0.098063
0.049073
0.000000
-0.049073
-0.098063
-0.146886
-0.195459
-0.243699
-0.291523
-0.338852
-0.385603
-0.431698
-0.477059
-0.521608
-0.565269
-0.607969
-0.649636
-0.690198
-0.729588
-0.767738
-0.804585
-0.840067
-0.874124
-0.906698
-0.937736
-0.967186
-0.994999
-1.021128
-1.045531
-1.068168
-1.089001
-1.107997
-1.125125
-1.140358
-1.153672
-1.165046
-1.174464
-1.181910
-1.187375
-1.190853
-1.192338
-1.191833
-1.189339
-1.184864
-1.178418
-1.170015
-1.159673
-1.147410
-1.133253
-1.117226
-1.099361
-1.079692
-1.058253
-1.035086
-1.010232
-0.983736
-0.955647
-0.926016
-0.894894
-0.862339
-0.828408
-0.793162
-0.756663
-0.718976
-0.680166
-0.640303
-0.599456
-0.557697
-0.515098
-0.471733
-0.427678
-0.383009
-0.337802
-0.292136
-0.246088
-0.199738
-0.153164
-0.106445
-0.059659
-0.012887
0.033794
0.080305
0.126570
0.172511
0.218053
0.263121
0.307641
0.351542
0.394752
0.437202
0.478825
0.519555
0.559327
0.598081
0.635757
0.672297
0.707646
0.741751
0.774564
0.806036
0.836123
0.864783
0.891978
0.917671
0.941829
0.964424
0.985428
1.004817
1.022571
1.038674
1.053112
1.065874
1.076952
1.086344
1.094049
1.100069
1.104410
1.107083
1.108099
1.107475
1.105229
1.101385
1.095966
1.089003
1.080526
1.070570
1.059171
1.046371
1.032212
1.016739
1.000000
0.982046
0.962929
0.942705
0.921431
0.899165
0.875969
0.851906
0.827041
0.801438
0.775166
0.748294
0.720892
0.693029
0.664779
0.636214
0.607406
0.578429
0.549357
0.520265
0.491225
0.462313
0.433601
0.405162
0.377070
0.349396
0.322212
0.295587
0.269590
0.244289
0.219751
0.196040
0.173219
0.151350
0.130492
0.110703
0.092038
0.074550
0.058291
0.043307
0.029646
0.017350
0.006460
-0.002986
-0.010954
-0.017413
-0.022332
-0.025686
-0.027454
-0.027614
-0.026152
-0.023054
-0.018310
-0.011915
-0.003865
0.005840
0.017195
0.030194
0.044826
0.061077
0.078931
0.098366
0.119360
0.141885
0.165911
0.191405
0.218330
0.246649
0.276317
0.307290
0.339520
0.372956
0.407545
0.443231
0.479956
0.517658
0.556276
0.595744
0.635994
0.676959
0.718567
0.760746
0.803421
0.846519
0.889962
0.933672
0.977571
1.021579
1.065617
1.109604
1.153458
1.197098
1.240443
1.283411
1.325921
1.367892
1.409243
1.449896
1.489770
1.528788
1.566872
1.603947
1.639938
1.674771
1.708377
1.740684
1.771624
1.801133
1.829146
1.855601
1.880439
1.903604
1.925041
1.944699
1.962528
1.978482
1.992520
2.004599
2.014684
2.022741
2.028738
2.032648
2.034448
2.034116
2.031636
2.026993
2.020176
2.011180
2.000000
1.986637
1.971094
1.953378
1.933500
1.911475
1.887319
1.861054
1.832703
1.802296
1.769863
1.735438
1.699059
1.660766
1.620604
1.578619
1.534860
1.489381
1.442237
1.393485
1.343185
1.291402
1.238199
1.183644
1.127807
1.070760
1.012574
0.953326
0.893092
0.831950
0.769980
0.707261
0.643877
0.579908
0.515438
0.450552
0.385333
0.319865
0.254235
0.188526
0.122824
0.057212
-0.008225
-0.073405
-0.138244
-0.202661
-0.266574
-0.329904
-0.392574
-0.454505
-0.515622
-0.575852
-0.635123
-0.693364
-0.750508
-0.806488
-0.861242
-0.914707
-0.966826
-1.017542
-1.066801
-1.114553
-1.160751
-1.205348
-1.248303
-1.289577
-1.329134
-1.366942
-1.402972
-1.437196
-1.469592
-1.500141
-1.528826
-1.555634
-1.580557
-1.603589
-1.624725
-1.643968
-1.661321
-1.676793
-1.690393
-1.702136
-1.712039
-1.720123
-1.726412
-1.730932
-1.733714
-1.734790
-1.734196
-1.731972
-1.728158
-1.722799
-1.715941
-1.707633
-1.697927
-1.686878
-1.674540
-1.660972
-1.646235
-1.630389
-1.613498
-1.595628
-1.576844
-1.557216
-1.536810
-1.515699
-1.493951
-1.471640
-1.448837
-1.425615
-1.402047
-1.378206
-1.354165
-1.329997
-1.305776
-1.281573
-1.257461
-1.233511
-1.209793
-1.186376
-1.163329
-1.140719
-1.118612
-1.097071
-1.076160
-1.055940
-1.036468
-1.017803
-1.000000
-0.983111
-0.967186
-0.952274
-0.938419
-0.925666
-0.914055
-0.903622
-0.894403
-0.886429
-0.879730
-0.874330
-0.870254
-0.867520
-0.866145
-0.866142
-0.867522
-0.870291
-0.874452
-0.880006
-0.886951
-0.895279
-0.904981
-0.916044
-0.928453
-0.942188
-0.957227
-0.973544
-0.991110
-1.009895
-1.029863
-1.050976
-1.073195
-1.096476
-1.120774
-1.146039
-1.172222
-1.199268
-1.227121
-1.255724
-1.285017
-1.314938
-1.345422
-1.376404
-1.407816
-1.439590
-1.471654
-1.503939
-1.536370
-1.568874
-1.601376
-1.633802
-1.666074
-1.698118
-1.729857
-1.761212
-1.792109
-1.822471
-1.852220
-1.881282
-1.909581
-1.937042
-1.963592
-1.989159
-2.013670
-2.037056
-2.059247
-2.080178
-2.099781
-2.117994
-2.134754
-2.150002
-2.163681
-2.175735
-2.186111
-2.194758
-2.201631
-2.206682
-2.209870
-2.211155
-2.210502
-2.207876
-2.203248
-2.196590
-2.187878
-2.177092
-2.164214
-2.149231
-2.132132
-2.112910
-2.091561
-2.068085
-2.042486
-2.014769
-1.984946
-1.953030
-1.919039
-1.882993
-1.844915
-1.804834
-1.762781
-1.718789
-1.672895
-1.625140
-1.575568
-1.524226
-1.471162
-1.416430
-1.360084
-1.302183
-1.242788
-1.181961
-1.119768
-1.056278
-0.991559
-0.925685
-0.858730
-0.790769
-0.721880
-0.652143
-0.581637
-0.510446
-0.438652
-0.366340
-0.293594
-0.220501
-0.147146
-0.073617
-0.000000
0.073617
0.147146
0.220501
0.293594
0.366340
0.438652
0.510446
0.581637
0.652143
0.721880
0.790769
0.858730
0.925685
0.991559
1.056278
1.119768
1.181961
1.242788
1.302183
1.360084
1.416430
1.471162
1.524226
1.575568
1.625140
1.672895
1.718789
1.762781
1.804834
1.844915
1.882993
1.919039
1.953030
1.984946
2.014769
2.042486
2.068085
2.091561
2.112910
2.132132
2.149231
2.164214
2.177092
2.187878
2.196590
2.203248
2.207876
2.210502
2.211155
2.209870
2.206682
2.201631
2.194758
2.186111
2.175735
2.163681
2.150002
2.134754
2.117994
2.099781
2.080178
2.059247
2.037056
2.013670
1.989159
1.963592
1.937042
1.909581
1.881282
1.852220
1.822471
1.792109
1.761212
1.729857
1.698118
1.666074
1.633802
1.601376
1.568874
1.536370
1.503939
1.471654
1.439590
1.407816
1.376404
1.345422
1.314938
1.285017
1.255724
1.227121
1.199268
1.172222
1.146039
1.120774
1.096476
1.073195
1.050976
1.029863
1.009895
0.991110
0.973544
0.957227
0.942188
0.928453
0.916044
0.904981
0.895279
0.886951
0.880006
0.874452
0.870291
0.867522
0.866142
0.866145
0.867520
0.870254
0.874330
0.879730
0.886429
0.894403
0.903622
0.914055
0.925666
0.938419
0.952274
0.967186
0.983111
1.000000
1.017803
1.036468
1.055940
1.076160
1.097071
1.118612
1.140719
1.163329
1.186376
1.209793
1.233511
1.257461
1.281573
1.305776
1.329997
1.354165
1.378206
1.402047
1.425615
1.448837
1.471640
1.493951
1.515699
1.536810
1.557216
1.576844
1.595628
1.613498
1.630389
1.646235
1.660972
1.674540
1.686878
1.697927
1.707633
1.715941
1.722799
1.728158
1.731972
1.734196
1.734790
1.733714
1.730932
1.726412
1.720123
1.712039
1.702136
1.690393
1.676793
1.661321
1.643968
1.624725
1.603589
1.580557
1.555634
1.528826
1.500141
1.469592
1.437196
1.402972
1.366942
1.329134
1.289577
1.248303
1.205348
1.160751
1.114553
1.066801
1.017542
0.966826
0.914707
0.861242
0.806488
0.750508
0.693364
0.635123
0.575852
0.515622
0.454505
0.392574
0.329904
0.266574
0.202661
0.138244
0.073405
0.008225
-0.057212
-0.122824
-0.188526
-0.254235
-0.319865
-0.385333
-0.450552
-0.515438
-0.579908
-0.643877
-0.707261
-0.769980
-0.831950
-0.893092
-0.953326
-1.012574
-1.070760
-1.127807
-1.183644
-1.238199
-1.291402
-1.343185
-1.393485
-1.442237
-1.489381
-1.534860
-1.578619
-1.620604
-1.660766
-1.699059
-1.735438
-1.769863
-1.802296
-1.832703
-1.861054
-1.887319
-1.911475
-1.933500
-1.953378
-1.971094
-1.986637
-2.000000
-2.011180
-2.020176
-2.026993
-2.031636
-2.034116
-2.034448
-2.032648
-2.028738
-2.022741
-2.014684
-2.004599
-1.992520
-1.978482
-1.962528
-1.944699
-1.925041
-1.903604
-1.880439
-1.855601
-1.829146
-1.801133
-1.771624
-1.740684
-1.708377
-1.674771
-1.639938
-1.603947
-1.566872
-1.528788
-1.489770
-1.449896
-1.409243
-1.367892
-1.325921
-1.283411
-1.240443
-1.197098
-1.153458
-1.109604
-1.065617
-1.021579
-0.977571
-0.933672
-0.889962
-0.846519
-0.803421
-0.760746
-0.718567
-0.676959
-0.635994
-0.595744
-0.556276
-0.517658
-0.479956
-0.443231
-0.407545
-0.372956
-0.339520
-0.307290
-0.276317
-0.246649
-0.218330
-0.191405
-0.165911
-0.141885
-0.119360
-0.098366
-0.078931
-0.061077
-0.044826
-0.030194
-0.017195
-0.005840
0.003865
0.011915
0.018310
0.023054
0.026152
0.027614
0.027454
0.025686
0.022332
0.017413
0.010954
0.002986
-0.006460
-0.017350
-0.029646
-0.043307
-0.058291
-0.074550
-0.092038
-0.110703
-0.130492
-0.151350
-0.173219
-0.196040
-0.219751
-0.244289
-0.269590
-0.295587
-0.322212
-0.349396
-0.377070
-0.405162
-0.433601
-0.462313
-0.491225
-0.520265
-0.549357
-0.578429
-0.607406
-0.636214
-0.664779
-0.693029
-0.720892
-0.748294
-0.775166
-0.801438
-0.827041
-0.851906
-0.875969
-0.899165
-0.921431
-0.942705
-0.962929
-0.982046
-1.000000
-1.016739
-1.032212
-1.046371
-1.059171
-1.070570
-1.080526
-1.089003
-1.095966
-1.101385
-1.105229
-1.107475
-1.108099
-1.107083
-1.104410
-1.100069
-1.094049
-1.086344
-1.076952
-1.065874
-1.053112
-1.038674
-1.022571
-1.004817
-0.985428
-0.964424
-0.941829
-0.917671
-0.891978
-0.864783
-0.836123
-0.806036
-0.774564
-0.741751
-0.707646
-0.672297
-0.635757
-0.598081
-0.559327
-0.519555
-0.478825
-0.437202
-0.394752
-0.351542
-0.307641
-0.263121
-0.218053
-0.172511
-0.126570
-0.080305
-0.033794
0.012887
0.059659
0.106445
0.153164
0.199738
0.246088
0.292136
0.337802
0.383009
0.427678
0.471733
0.515098
0.557697
0.599456
0.640303
0.680166
0.718976
0.756663
0.793162
0.828408
0.862339
0.894894
0.926016
0.955647
0.983736
1.010232
1.035086
1.058253
1.079692
1.099361
1.117226
1.133253
1.147410
1.159673
1.170015
1.178418
1.184864
1.189339
1.191833
1.192338
1.190853
1.187375
1.181910
1.174464
1.165046
1.153672
1.140358
1.125125
1.107997
1.089001
1.068168
1.045531
1.021128
0.994999
0.967186
0.937736
0.906698
0.874124
0.840067
0.804585
0.767738
0.729588
0.690198
0.649636
0.607969
0.565269
0.521608
0.477059
0.431698
0.385603
0.338852
0.291523
0.243699
0.195459
0.146886
0.098063
0.049073
-0.000000
-0.049073
-0.098063
-0.146886
-0.195459
-0.243699
-0.291523
-0.338852
-0.385603
-0.431698
-0.477059
-0.521608
-0.565269
-0.607969
-0.649636
-0.690198
-0.729588
-0.767738
-0.804585
-0.840067
-0.874124
-0.906698
-0.937736
-0.967186
-0.994999
-1.021128
-1.045531
-1.068168
-1.089001
-1.107997
-1.125125
-1.140358
-1.153672
-1.165046
-1.174464
-1.181910
-1.187375
-1.190853
-1.192338
-1.191833
-1.189339
-1.184864
-1.178418
-1.170015
-1.159673
-1.147410
-1.133253
-1.117226
-1.099361
-1.079692
-1.058253
-1.035086
-1.010232
-0.983736
-0.955647
-0.926016
-0.894894
-0.862339
-0.828408
-0.793162
-0.756663
-0.718976
-0.680166
-0.640303
-0.599456
-0.557697
-0.515098
-0.471733
-0.427678
-0.383009
-0.337802
-0.292136
-0.246088
-0.199738
-0.153164
-0.106445
-0.059659
-0.012887
0.033794
0.080305
0.126570
0.172511
0.218053
0.263121
0.307641
0.351542
0.394752
0.437202
0.478825
0.519555
0.559327
0.598081
0.635757
0.672297
0.707646
0.741751
0.774564
0.806036
0.836123
0.864783
0.891978
0.917671
0.941829
0.964424
0.985428
1.004817
1.022571
1.038674
1.053112
1.065874
1.076952
1.086344
1.094049
1.100069
1.104410
1.107083
1.108099
1.107475
1.105229
1.101385
1.095966
1.089003
1.080526
1.070570
1.059171
1.046371
1.032212
1.016739
1.000000
0.982046
0.962929
0.942705
0.921431
0.899165
0.875969
0.851906
0.827041
0.801438
0.775166
0.748294
0.720892
0.693029
0.664779
0.636214
0.607406
0.578429
0.549357
0.520265
0.491225
0.462313
0.433601
0.405162
0.377070
0.349396
0.322212
0.295587
0.269590
0.244289
0.219751
0.196040
0.173219
0.151350
0.130492
0.110703
0.092038
0.074550
0.058291
0.043307
0.029646
0.017350
0.006460
-0.002986
-0.010954
-0.017413
-0.022332
-0.025686
-0.027454
-0.027614
-0.026152
-0.023054
-0.018310
-0.011915
-0.003865
0.005840
0.017195
0.030194
0.044826
0.061077
0.078931
0.098366
0.119360
0.141885
0.165911
0.191405
0.218330
0.246649
0.276317
0.307290
0.339520
0.372956
0.407545
0.443231
0.479956
0.517658
0.556276
0.595744
0.635994
0.676959
0.718567
0.760746
0.803421
0.846519
0.889962
0.933672
0.977571
1.021579
1.065617
1.109604
1.153458
1.197098
1.240443
1.283411
1.325921
1.367892
1.409243
1.449896
1.489770
1.528788
1.566872
1.603947
1.639938
1.674771
1.708377
1.740684
1.771624
1.801133
1.829146
1.855601
1.880439
1.903604
1.925041
1.944699
1.962528
1.978482
1.992520
2.004599
2.014684
2.022741
2.028738
2.032648
2.034448
2.034116
2.031636
2.026993
2.020176
2.011180
2.000000
1.986637
1.971094
1.953378
1.933500
1.911475
1.887319
1.861054
1.832703
1.802296
1.769863
1.735438
1.699059
1.660766
1.620604
1.578619
1.534860
1.489381
1.442237
1.393485
1.343185
1.291402
1.238199
1.183644
1.127807
1.070760
1.012574
0.953326
0.893092
0.831950
0.769980
0.707261
0.643877
0.579908
0.515438
0.450552
0.385333
0.319865
0.254235
0.188526
0.122824
0.057212
-0.008225
-0.073405
-0.138244
-0.202661
-0.266574
-0.329904
-0.392574
-0.454505
-0.515622
-0.575852
-0.635123
-0.693364
-0.750508
-0.806488
-0.861242
-0.914707
-0.966826
-1.017542
-1.066801
-1.114553
-1.160751
-1.205348
-1.248303
-1.289577
-1.329134
-1.366942
-1.402972
-1.437196
-1.469592
-1.500141
-1.528826
-1.555634
-1.580557
-1.603589
-1.624725
-1.643968
-1.661321
-1.676793
-1.690393
-1.702136
-1.712039
-1.720123
-1.726412
-1.730932
-1.733714
-1.734790
-1.734196
-1.731972
-1.728158
-1.722799
-1.715941
-1.707633
-1.697927
-1.686878
-1.674540
-1.660972
-1.646235
-1.630389
-1.613498
-1.595628
-1.576844
-1.557216
-1.536810
-1.515699
-1.493951
-1.471640
-1.448837
-1.425615
-1.402047
-1.378206
-1.354165
-1.329997
-1.305776
-1.281573
-1.257461
-1.233511
-1.209793
-1.186376
-1.163329
-1.140719
-1.118612
-1.097071
-1.076160
-1.055940
-1.036468
-1.017803
-1.000000
-0.983111
-0.967186
-0.952274
-0.938419
-0.925666
-0.914055
-0.903622
-0.894403
-0.886429
-0.879730
-0.874330
-0.870254
-0.867520
-0.866145
-0.866142
-0.867522
-0.870291
-0.874452
-0.880006
-0.886951
-0.895279
-0.904981
-0.916044
-0.928453
-0.942188
-0.957227
-0.973544
-0.991110
-1.009895
-1.029863
-1.050976
-1.073195
-1.096476
-1.120774
-1.146039
-1.172222
-1.199268
-1.227121
-1.255724
-1.285017
-1.314938
-1.345422
-1.376404
-1.407816
-1.439590
-1.471654
-1.503939
-1.536370
-1.568874
-1.601376
-1.633802
-1.666074
-1.698118
-1.729857
-1.761212
-1.792109
-1.822471
-1.852220
-1.881282
-1.909581
-1.937042
-1.963592
-1.989159
-2.013670
-2.037056
-2.059247
-2.080178
-2.099781
-2.117994
-2.134754
-2.150002
-2.163681
-2.175735
-2.186111
-2.194758
-2.201631
-2.206682
-2.209870
-2.211155
-2.210502
-2.207876
-2.203248
-2.196590
-2.187878
-2.177092
-2.164214
-2.149231
-2.132132
-2.112910
-2.091561
-2.068085
-2.042486
-2.014769
-1.984946
-1.953030
-1.919039
-1.882993
-1.844915
-1.804834
-1.762781
-1.718789
-1.672895
-1.625140
-1.575568
-1.524226
-1.471162
-1.416430
-1.360084
-1.302183
-1.242788
-1.181961
-1.119768
-1.056278
-0.991559
-0.925685
-0.858730
-0.790769
-0.721880
-0.652143
-0.581637
-0.510446
-0.438652
-0.366340
-0.293594
-0.220501
-0.147146
-0.073617
-0.000000
0.073617
0.147146
0.220501
0.293594
0.366340
0.438652
0.510446
0.581637
0.652143
0.721880
0.790769
0.858730
0.925685
0.991559
1.056278
1.119768
1.181961
1.242788
1.302183
1.360084
1.416430
1.471162
1.524226
1.575568
1.625140
1.672895
1.718789
1.762781
1.804834
1.844915
1.882993
1.919039
1.953030
1.984946
2.014769
2.042486
2.068085
2.091561
2.112910
2.132132
2.149231
2.164214
2.177092
2.187878
2.196590
2.203248
2.207876
2.210502
2.211155
2.209870
2.206682
2.201631
2.194758
2.186111
2.175735
2.163681
2.150002
2.134754
2.117994
2.099781
2.080178
2.059247
2.037056
2.013670
1.989159
1.963592
1.937042
1.909581
1.881282
1.852220
1.822471
1.792109
1.761212
1.729857
1.698118
1.666074
1.633802
1.601376
1.568874
1.536370
1.503939
1.471654
1.439590
1.407816
1.376404
1.345422
1.314938
1.285017
1.255724
1.227121
1.199268
1.172222
1.146039
1.120774
1.096476
1.073195
1.050976
1.029863
1.009895
0.991110
0.973544
0.957227
0.942188
0.928453
0.916044
0.904981
0.895279
0.886951
0.880006
0.874452
0.870291
0.867522
0.866142
0.866145
0.867520
0.870254
0.874330
0.879730
0.886429
0.894403
0.903622
0.914055
0.925666
0.938419
0.952274
0.967186
0.983111
1.000000
1.017803
1.036468
1.055940
1.076160
1.097071
1.118612
1.140719
1.163329
1.186376
1.209793
1.233511
1.257461
1.281573
1.305776
1.329997
1.354165
1.378206
1.402047
1.425615
1.448837
1.471640
1.493951
1.515699
1.536810
1.557216
1.576844
1.595628
1.613498
1.630389
1.646235
1.660972
1.674540
1.686878
1.697927
1.707633
1.715941
1.722799
1.728158
1.731972
1.734196
1.734790
1.733714
1.730932
1.726412
1.720123
1.712039
1.702136
1.690393
1.676793
1.661321
1.643968
1.624725
1.603589
1.580557
1.555634
1.528826
1.500141
1.469592
1.437196
1.402972
1.366942
1.329134
1.289577
1.248303
1.205348
1.160751
1.114553
1.066801
1.017542
0.966826
0.914707
0.861242
0.806488
0.750508
0.693364
0.635123
0.575852
0.515622
0.454505
0.392574
0.329904
0.266574
0.202661
0.138244
0.073405
0.008225
-0.057212
-0.122824
-0.188526
-0.254235
-0.319865
-0.385333
-0.450552
-0.515438
-0.579908
-0.643877
-0.707261
-0.769980
-0.831950
-0.893092
-0.953326
-1.012574
-1.070760
-1.127807
-1.183644
-1.238199
-1.291402
-1.343185
-1.393485
-1.442237
-1.489381
-1.534860
-1.578619
-1.620604
-1.660766
-1.699059
-1.735438
-1.769863
-1.802296
-1.832703
-1.861054
-1.887319
-1.911475
-1.933500
-1.953378
-1.971094
-1.986637
-2.000000
-2.011180
-2.020176
-2.026993
-2.031636
-2.034116
-2.034448
-2.032648
-2.028738
-2.022741
-2.014684
-2.004599
-1.992520
-1.978482
-1.962528
-1.944699
-1.925041
-1.903604
-1.880439
-1.855601
-1.829146
-1.801133
-1.771624
-1.740684
-1.708377
-1.674771
-1.639938
-1.603947
-1.566872
-1.528788
-1.489770
-1.449896
-1.409243
-1.367892
-1.325921
-1.283411
-1.240443
-1.197098
-1.153458
-1.109604
-1.065617
-1.021579
-0.977571
-0.933672
-0.889962
-0.846519
-0.803421
-0.760746
-0.718567
-0.676959
-0.635994
-0.595744
-0.556276
-0.517658
-0.479956
-0.443231
-0.407545
-0.372956
-0.339520
-0.307290
-0.276317
-0.246649
-0.218330
-0.191405
-0.165911
-0.141885
-0.119360
-0.098366
-0.078931
-0.061077
-0.044826
-0.030194
-0.017195
-0.005840
0.003865
0.011915
0.018310
0.023054
0.026152
0.027614
0.027454
0.025686
0.022332
0.017413
0.010954
0.002986
-0.006460
-0.017350
-0.029646
-0.043307
-0.058291
-0.074550
-0.092038
-0.110703
-0.130492
-0.151350
-0.173219
-0.196040
-0.219751
-0.244289
-0.269590
-0.295587
-0.322212
-0.349396
-0.377070
-0.405162
-0.433601
-0.462313
-0.491225
-0.520265
-0.549357
-0.578429
-0.607406
-0.636214
-0.664779
-0.693029
-0.720892
-0.748294
-0.775166
-0.801438
-0.827041
-0.851906
-0.875969
-0.899165
-0.921431
-0.942705
-0.962929
-0.982046
-1.000000
-1.016739
-1.032212
-1.046371
-1.059171
-1.070570
-1.080526
-1.089003
-1.095966
-1.101385
-1.105229
-1.107475
-1.108099
-1.107083
-1.104410
-1.100069
-1.094049
-1.086344
-1.076952
-1.065874
-1.053112
-1.038674
-1.022571
-1.004817
-0.985428
-0.964424
-0.941829
-0.917671
-0.891978
-0.864783
-0.836123
-0.806036
-0.774564
-0.741751
-0.707646
-0.672297
-0.635757
-0.598081
-0.559327
-0.519555
-0.478825
-0.437202
-0.394752
-0.351542
-0.307641
-0.263121
-0.218053
-0.172511
-0.126570
-0.080305
-0.033794
0.012887
0.059659
0.106445
0.153164
0.199738
0.246088
0.292136
0.337802
0.383009
0.427678
0.471733
0.515098
0.557697
0.599456
0.640303
0.680166
0.718976
0.756663
0.793162
0.828408
0.862339
0.894894
0.926016
0.955647
0.983736
1.010232
1.035086
1.058253
1.079692
1.099361
1.117226
1.133253
1.147410
1.159673
1.170015
1.178418
1.184864
1.189339
1.191833
1.192338
1.190853
1.187375
1.181910
1.174464
1.165046
1.153672
1.140358
1.125125
1.107997
1.089001
1.068168
1.045531
1.021128
0.994999
0.967186
0.937736
0.906698
0.874124
0.840067
0.804585
0.767738
0.729588
0.690198
0.649636
0.607969
0.565269
0.521608
0.477059
0.431698
0.385603
0.338852
0.291523
0.243699
0.195459
0.146886
0.098063
0.049073
0.000000
-0.049073
-0.098063
-0.146886
-0.195459
-0.243699
-0.291523
-0.338852
-0.385603
-0.431698
-0.477059
-0.521608
-0.565269
-0.607969
-0.649636
-0.690198
-0.729588
-0.767738
-0.804585
-0.840067
-0.874124
-0.906698
-0.937736
-0.967186
-0.994999
-1.021128
-1.045531
-1.068168
-1.089001
-1.107997
-1.125125
-1.140358
-1.153672
-1.165046
-1.174464
-1.181910
-1.187375
-1.190853
-1.192338
-1.191833
-1.189339
-1.184864
-1.178418
-1.170015
-1.159673
-1.147410
-1.133253
-1.117226
-1.099361
-1.079692
-1.058253
-1.035086
-1.010232
-0.983736
-0.955647
-0.926016
-0.894894
-0.862339
-0.828408
-0.793162
-0.756663
-0.718976
-0.680166
-0.640303
-0.599456
-0.557697
-0.515098
-0.471733
-0.427678
-0.383009
-0.337802
-0.292136
-0.246088
-0.199738
-0.153164
-0.106445
-0.059659
-0.012887
0.033794
0.080305
0.126570
0.172511
0.218053
0.263121
0.307641
0.351542
0.394752
0.437202
0.478825
0.519555
0.559327
0.598081
0.635757
0.672297
0.707646
0.741751
0.774564
0.806036
0.836123
0.864783
0.891978
0.917671
0.941829
0.964424
0.985428
1.004817
1.022571
1.038674
1.053112
1.065874
1.076952
1.086344
1.094049
1.100069
1.104410
1.107083
1.108099
1.107475
1.105229
1.101385
1.095966
1.089003
1.080526
1.070570
1.059171
1.046371
1.032212
1.016739
1.000000
0.982046
0.962929
0.942705
0.921431
0.899165
0.875969
0.851906
0.827041
0.801438
0.775166
0.748294
0.720892
0.693029
0.664779
0.636214
0.607406
0.578429
0.549357
0.520265
0.491225
0.462313
0.433601
0.405162
0.377070
0.349396
0.322212
0.295587
0.269590
0.244289
0.219751
0.196040
0.173219
0.151350
0.130492
0.110703
0.092038
0.074550
0.058291
0.043307
0.029646
0.017350
0.006460
-0.002986
-0.010954
-0.017413
-0.022332
-0.025686
-0.027454
-0.027614
-0.026152
-0.023054
-0.018310
-0.011915
-0.003865
0.005840
0.017195
0.030194
0.044826
0.061077
0.078931
0.098366
0.119360
0.141885
0.165911
0.191405
0.218330
0.246649
0.276317
0.307290
0.339520
0.372956
0.407545
0.443231
0.479956
0.517658
0.556276
0.595744
0.635994
0.676959
0.718567
0.760746
0.803421
0.846519
0.889962
0.933672
0.977571
1.021579
1.065617
1.109604
1.153458
1.197098
1.240443
1.283411
1.325921
1.367892
1.409243
1.449896
1.489770
1.528788
1.566872
1.603947
1.639938
1.674771
1.708377
1.740684
1.771624
1.801133
1.829146
1.855601
1.880439
1.903604
1.925041
1.944699
1.962528
1.978482
1.992520
2.004599
2.014684
2.022741
2.028738
2.032648
2.034448
2.034116
2.031636
2.026993
2.020176
2.011180
2.000000
1.986637
1.971094
1.953378
1.933500
1.911475
1.887319
1.861054
1.832703
1.802296
1.769863
1.735438
1.699059
1.660766
1.620604
1.578619
1.534860
1.489381
1.442237
1.393485
1.343185
1.291402
1.238199
1.183644
1.127807
1.070760
1.012574
0.953326
0.893092
0.831950
0.769980
0.707261
0.643877
0.579908
0.515438
0.450552
0.385333
0.319865
0.254235
0.188526
0.122824
0.057212
-0.008225
-0.073405
-0.138244
-0.202661
-0.266574
-0.329904
-0.392574
-0.454505
-0.515622
-0.575852
-0.635123
-0.693364
-0.750508
-0.806488
-0.861242
-0.914707
-0.966826
-1.017542
-1.066801
-1.114553
-1.160751
-1.205348
-1.248303
-1.289577
-1.329134
-1.366942
-1.402972
-1.437196
-1.469592
-1.500141
-1.528826
-1.555634
-1.580557
-1.603589
-1.624725
-1.643968
-1.661321
-1.676793
-1.690393
-1.702136
-1.712039
-1.720123
-1.726412
-1.730932
-1.733714
-1.734790
-1.734196
-1.731972
-1.728158
-1.722799
-1.715941
-1.707633
-1.697927
-1.686878
-1.674540
-1.660972
-1.646235
-1.630389
-1.613498
-1.595628
-1.576844
-1.557216
-1.536810
-1.515699
-1.493951
-1.471640
-1.448837
-1.425615
-1.402047
-1.378206
-1.354165
-1.329997
-1.305776
-1.281573
-1.257461
-1.233511
-1.209793
-1.186376
-1.163329
-1.140719
-1.118612
-1.097071
-1.076160
-1.055940
-1.036468
-1.017803
-1.000000
-0.983111
-0.967186
-0.952274
-0.938419
-0.925666
-0.914055
-0.903622
-0.894403
-0.886429
-0.879730
-0.874330
-0.870254
-0.867520
-0.866145
-0.866142
-0.867522
-0.870291
-0.874452
-0.880006
-0.886951
-0.895279
-0.904981
-0.916044
-0.928453
-0.942188
-0.957227
-0.973544
-0.991110
-1.009895
-1.029863
-1.050976
-1.073195
-1.096476
-1.120774
-1.146039
-1.172222
-1.199268
-1.227121
-1.255724
-1.285017
-1.314938
-1.345422
-1.376404
-1.407816
-1.439590
-1.471654
-1.503939
-1.536370
-1.568874
-1.601376
-1.633802
-1.666074
-1.698118
-1.729857
-1.761212
-1.792109
-1.822471
-1.852220
-1.881282
-1.909581
-1.937042
-1.963592
-1.989159
-2.013670
-2.037056
-2.059247
-2.080178
-2.099781
-2.117994
-2.134754
-2.150002
-2.163681
-2.175735
-2.186111
-2.194758
-2.201631
-2.206682
-2.209870
-2.211155
-2.210502
-2.207876
-2.203248
-2.196590
-2.187878
-2.177092
-2.164214
-2.149231
-2.132132
-2.112910
-2.091561
-2.068085
-2.042486
-2.014769
-1.984946
-1.953030
-1.919039
-1.882993
-1.844915
-1.804834
-1.762781
-1.718789
-1.672895
-1.625140
-1.575568
-1.524226
-1.471162
-1.416430
-1.360084
-1.302183
-1.242788
-1.181961
-1.119768
-1.056278
-0.991559
-0.925685
-0.858730
-0.790769
-0.721880
-0.652143
-0.581637
-0.510446
-0.438652
-0.366340
-0.293594
-0.220501
-0.147146
-0.073617
