1.000000
1.017729
1.034098
1.049102
1.062741
1.075014
1.085924
1.095475
1.103671
1.110520
1.116033
1.120218
1.123091
1.124663
1.124953
1.123977
1.121754
1.118307
1.113657
1.107828
1.100846
1.092738
1.083533
1.073259
1.061948
1.049633
1.036347
1.022124
1.007001
0.991014
0.974201
0.956601
0.938254
0.919199
0.899480
0.879136
0.858212
0.836750
0.814793
0.792387
0.769576
0.746404
0.722917
0.699161
0.675179
0.651019
0.626726
0.602344
0.577920
0.553498
0.529124
0.504842
0.480695
0.456728
0.432983
0.409504
0.386332
0.363508
0.341072
0.319065
0.297525
0.276489
0.255995
0.236078
0.216773
0.198113
0.180130
0.162856
0.146321
0.130552
0.115577
0.101422
0.088110
0.075665
0.064108
0.053458
0.043734
0.034952
0.027127
0.020272
0.014399
0.009519
0.005639
0.002765
0.000903
0.000056
0.000226
0.001411
0.003611
0.006820
0.011035
0.016247
0.022448
0.029628
0.037773
0.046871
0.056906
0.067860
0.079716
0.092452
0.106047
0.120479
0.135721
0.151749
0.168534
0.186047
0.204259
0.223138
0.242651
0.262764
0.283443
0.304651
0.326351
0.348505
0.371075
0.394019
0.417298
0.440871
0.464694
0.488726
0.512923
0.537241
0.561636
0.586063
0.610478
0.634836
0.659090
0.683195
0.707107
0.730779
0.754166
0.777222
0.799903
0.822164
0.843961
0.865248
0.885984
0.906124
0.925627
0.944450
0.962553
0.979895
0.996437
1.012140
1.026967
1.040881
1.053848
1.065832
1.076800
1.086721
1.095564
1.103300
1.109900
1.115339
1.119591
1.122632
1.124441
1.124998
1.124282
1.122278
1.118970
1.114343
1.108386
1.101089
1.092442
1.082439
1.071075
1.058347
1.044252
1.028793
1.011970
0.993789
0.974254
0.953374
0.931159
0.907619
0.882768
0.856621
0.829195
0.800509
0.770582
0.739437
0.707098
0.673591
0.638941
0.603179
0.566334
0.528438
0.489526
0.449631
0.408790
0.367041
0.324423
0.280977
0.236743
0.191766
0.146088
0.099755
0.052814
0.005311
-0.042706
-0.091187
-0.140084
-0.189344
-0.238918
-0.288754
-0.338798
-0.388999
-0.439303
-0.489656
-0.540005
-0.590295
-0.640473
-0.690483
-0.740272
-0.789785
-0.838968
-0.887768
-0.936129
-0.984000
-1.031327
-1.078057
-1.124139
-1.169521
-1.214153
-1.257985
-1.300967
-1.343051
-1.384190
-1.424337
-1.463448
-1.501477
-1.538383
-1.574122
-1.608654
-1.641941
-1.673944
-1.704626
-1.733954
-1.761892
-1.788410
-1.813477
-1.837063
-1.859144
-1.879691
-1.898684
-1.916098
-1.931915
-1.946117
-1.958686
-1.969609
-1.978873
-1.986467
-1.992383
-1.996613
-1.999153
-2.000000
-1.999153
-1.996613
-1.992383
-1.986467
-1.978873
-1.969609
-1.958686
-1.946117
-1.931915
-1.916098
-1.898684
-1.879691
-1.859144
-1.837063
-1.813477
-1.788410
-1.761892
-1.733954
-1.704626
-1.673944
-1.641941
-1.608654
-1.574122
-1.538383
-1.501477
-1.463448
-1.424337
-1.384190
-1.343051
-1.300967
-1.257985
-1.214153
-1.169521
-1.124139
-1.078057
-1.031327
-0.984000
-0.936129
-0.887768
-0.838968
-0.789785
-0.740272
-0.690483
-0.640473
-0.590295
-0.540005
-0.489656
-0.439303
-0.388999
-0.338798
-0.288754
-0.238918
-0.189344
-0.140084
-0.091187
-0.042706
0.005311
0.052814
0.099755
0.146088
0.191766
0.236743
0.280977
0.324423
0.367041
0.408790
0.449631
0.489526
0.528438
0.566334
0.603179
0.638941
0.673591
0.707098
0.739437
0.770582
0.800509
0.829195
0.856621
0.882768
0.907619
0.931159
0.953374
0.974254
0.993789
1.011970
1.028793
1.044252
1.058347
1.071075
1.082439
1.092442
1.101089
1.108386
1.114343
1.118970
1.122278
1.124282
1.124998
1.124441
1.122632
1.119591
1.115339
1.109900
1.103300
1.095564
1.086721
1.076800
1.065832
1.053848
1.040881
1.026967
1.012140
0.996437
0.979895
0.962553
0.944450
0.925627
0.906124
0.885984
0.865248
0.843961
0.822164
0.799903
0.777222
0.754166
0.730779
0.707107
0.683195
0.659090
0.634836
0.610478
0.586063
0.561636
0.537241
0.512923
0.488726
0.464694
0.440871
0.417298
0.394019
0.371075
0.348505
0.326351
0.304651
0.283443
0.262764
0.242651
0.223138
0.204259
0.186047
0.168534
0.151749
0.135721
0.120479
0.106047
0.092452
0.079716
0.067860
0.056906
0.046871
0.037773
0.029628
0.022448
0.016247
0.011035
0.006820
0.003611
0.001411
0.000226
0.000056
0.000903
0.002765
0.005639
0.009519
0.014399
0.020272
0.027127
0.034952
0.043734
0.053458
0.064108
0.075665
0.088110
0.101422
0.115577
0.130552
0.146321
0.162856
0.180130
0.198113
0.216773
0.236078
0.255995
0.276489
0.297525
0.319065
0.341072
0.363508
0.386332
0.409504
0.432983
0.456728
0.480695
0.504842
0.529124
0.553498
0.577920
0.602344
0.626726
0.651019
0.675179
0.699161
0.722917
0.746404
0.769576
0.792387
0.814793
0.836750
0.858212
0.879136
0.899480
0.919199
0.938254
0.956601
0.974201
0.991014
1.007001
1.022124
1.036347
1.049633
1.061948
1.073259
1.083533
1.092738
1.100846
1.107828
1.113657
1.118307
1.121754
1.123977
1.124953
1.124663
1.123091
1.120218
1.116033
1.110520
1.103671
1.095475
1.085924
1.075014
1.062741
1.049102
1.034098
1.017729
1.000000
0.980916
0.960483
0.938712
0.915612
0.891197
0.865480
0.838478
0.810210
0.780694
0.749953
0.718009
0.684888
0.650616
0.615221
0.578734
0.541185
0.502608
0.463036
0.422507
0.381056
0.338723
0.295549
0.251573
0.206838
0.161389
0.115269
0.068526
0.021205
-0.026646
-0.074978
-0.123742
-0.172887
-0.222362
-0.272116
-0.322097
-0.372251
-0.422527
-0.472870
-0.523226
-0.573542
-0.623763
-0.673835
-0.723704
-0.773315
-0.822614
-0.871547
-0.920061
-0.968101
-1.015615
-1.062550
-1.108854
-1.154475
-1.199362
-1.243466
-1.286737
-1.329125
-1.370585
-1.411068
-1.450529
-1.488924
-1.526208
-1.562341
-1.597280
-1.630986
-1.663421
-1.694548
-1.724331
-1.752736
-1.779730
-1.805284
-1.829367
-1.851953
-1.873014
-1.892527
-1.910470
-1.926822
-1.941564
-1.954679
-1.966152
-1.975970
-1.984122
-1.990598
-1.995390
-1.998494
-1.999906
-1.999624
-1.997648
-1.993980
-1.988626
-1.981590
-1.972882
-1.962511
-1.950489
-1.936830
-1.921549
-1.904665
-1.886196
-1.866164
-1.844592
-1.821505
-1.796928
-1.770891
-1.743422
-1.714555
-1.684320
-1.652753
-1.619890
-1.585769
-1.550427
-1.513906
-1.476247
-1.437491
-1.397685
-1.356871
-1.315097
-1.272409
-1.228855
-1.184484
-1.139347
-1.093492
-1.046972
-0.999838
-0.952143
-0.903939
-0.855280
-0.806219
-0.756810
-0.707107
-0.657164
-0.607036
-0.556778
-0.506442
-0.456085
-0.405758
-0.355517
-0.305415
-0.255504
-0.205837
-0.156466
-0.107443
-0.058817
-0.010640
0.037040
0.084173
0.130714
0.176615
0.221831
0.266318
0.310031
0.352930
0.394973
0.436121
0.476335
0.515579
0.553817
0.591016
0.627142
0.662166
0.696058
0.728789
0.760335
0.790670
0.819772
0.847621
0.874196
0.899480
0.923459
0.946117
0.967443
0.987427
1.006061
1.023337
1.039251
1.053800
1.066984
1.078802
1.089259
1.098357
1.106103
1.112506
1.117575
1.121321
1.123758
1.124901
1.124767
1.123373
1.120740
1.116889
1.111844
1.105628
1.098267
1.089790
1.080225
1.069602
1.057953
1.045311
1.031708
1.017181
1.001766
0.985499
0.968420
0.950566
0.931979
0.912698
0.892766
0.872224
0.851115
0.829484
0.807373
0.784826
0.761890
0.738608
0.715026
0.691190
0.667144
0.642934
0.618606
0.594205
0.569777
0.545366
0.521018
0.496775
0.472684
0.448786
0.425125
0.401744
0.378683
0.355984
0.333687
0.311831
0.290455
0.269596
0.249290
0.229573
0.210479
0.192042
0.174292
0.157261
0.140978
0.125471
0.110766
0.096889
0.083864
0.071713
0.060456
0.050113
0.040701
0.032236
0.024733
0.018205
0.012662
0.008114
0.004569
0.002032
0.000508
0.000000
0.000508
0.002032
0.004569
0.008114
0.012662
0.018205
0.024733
0.032236
0.040701
0.050113
0.060456
0.071713
0.083864
0.096889
0.110766
0.125471
0.140978
0.157261
0.174292
0.192042
0.210479
0.229573
0.249290
0.269596
0.290455
0.311831
0.333687
0.355984
0.378683
0.401744
0.425125
0.448786
0.472684
0.496775
0.521018
0.545366
0.569777
0.594205
0.618606
0.642934
0.667144
0.691190
0.715026
0.738608
0.761890
0.784826
0.807373
0.829484
0.851115
0.872224
0.892766
0.912698
0.931979
0.950566
0.968420
0.985499
1.001766
1.017181
1.031708
1.045311
1.057953
1.069602
1.080225
1.089790
1.098267
1.105628
1.111844
1.116889
1.120740
1.123373
1.124767
1.124901
1.123758
1.121321
1.117575
1.112506
1.106103
1.098357
1.089259
1.078802
1.066984
1.053800
1.039251
1.023337
1.006061
0.987427
0.967443
0.946117
0.923459
0.899480
0.874196
0.847621
0.819772
0.790670
0.760335
0.728789
0.696058
0.662166
0.627142
0.591016
0.553817
0.515579
0.476335
0.436121
0.394973
0.352930
0.310031
0.266318
0.221831
0.176615
0.130714
0.084173
0.037040
-0.010640
-0.058817
-0.107443
-0.156466
-0.205837
-0.255504
-0.305415
-0.355517
-0.405758
-0.456085
-0.506442
-0.556778
-0.607036
-0.657164
-0.707107
-0.756810
-0.806219
-0.855280
-0.903939
-0.952143
-0.999838
-1.046972
-1.093492
-1.139347
-1.184484
-1.228855
-1.272409
-1.315097
-1.356871
-1.397685
-1.437491
-1.476247
-1.513906
-1.550427
-1.585769
-1.619890
-1.652753
-1.684320
-1.714555
-1.743422
-1.770891
-1.796928
-1.821505
-1.844592
-1.866164
-1.886196
-1.904665
-1.921549
-1.936830
-1.950489
-1.962511
-1.972882
-1.981590
-1.988626
-1.993980
-1.997648
-1.999624
-1.999906
-1.998494
-1.995390
-1.990598
-1.984122
-1.975970
-1.966152
-1.954679
-1.941564
-1.926822
-1.910470
-1.892527
-1.873014
-1.851953
-1.829367
-1.805284
-1.779730
-1.752736
-1.724331
-1.694548
-1.663421
-1.630986
-1.597280
-1.562341
-1.526208
-1.488924
-1.450529
-1.411068
-1.370585
-1.329125
-1.286737
-1.243466
-1.199362
-1.154475
-1.108854
-1.062550
-1.015615
-0.968101
-0.920061
-0.871547
-0.822614
-0.773315
-0.723704
-0.673835
-0.623763
-0.573542
-0.523226
-0.472870
-0.422527
-0.372251
-0.322097
-0.272116
-0.222362
-0.172887
-0.123742
-0.074978
-0.026646
0.021205
0.068526
0.115269
0.161389
0.206838
0.251573
0.295549
0.338723
0.381056
0.422507
0.463036
0.502608
0.541185
0.578734
0.615221
0.650616
0.684888
0.718009
0.749953
0.780694
0.810210
0.838478
0.865480
0.891197
0.915612
0.938712
0.960483
0.980916
