1.264307
1.238390
1.211191
1.182751
1.153111
1.122315
1.090406
1.057429
1.023431
0.988459
0.952561
0.915786
0.878184
0.839805
0.800701
0.760924
0.720525
0.679558
0.638076
0.596132
0.553780
0.511074
0.468068
0.424816
0.381372
0.337790
0.294124
0.250427
0.206753
0.163154
0.119682
0.076390
0.033330
-0.009449
-0.051897
-0.093963
-0.135600
-0.176760
-0.217396
-0.257462
-0.296915
-0.335710
-0.373804
-0.411158
-0.447729
-0.483481
-0.518374
-0.552374
-0.585446
-0.617555
-0.648671
-0.678763
-0.707802
-0.735760
-0.762613
-0.788336
-0.812907
-0.836305
-0.858510
-0.879505
-0.899275
-0.917805
-0.935083
-0.951098
-0.965841
-0.979305
-0.991484
-1.002374
-1.011974
-1.020282
-1.027300
-1.033030
-1.037478
-1.040649
-1.042550
-1.043192
-1.042585
-1.040742
-1.037675
-1.033402
-1.027938
-1.021302
-1.013513
-1.004593
-0.994563
-0.983448
-0.971272
-0.958061
-0.943841
-0.928643
-0.912493
-0.895424
-0.877465
-0.858649
-0.839009
-0.818579
-0.797393
-0.775486
-0.752894
-0.729654
-0.705802
-0.681376
-0.656413
-0.630952
-0.605032
-0.578690
-0.551966
-0.524899
-0.497528
-0.469892
-0.442030
-0.413982
-0.385787
-0.357482
-0.329107
-0.300700
-0.272298
-0.243940
-0.215662
-0.187500
-0.159491
-0.131670
-0.104072
-0.076730
-0.049679
-0.022951
0.003423
0.029412
0.054985
0.080113
0.104768
0.128923
0.152552
0.175630
0.198132
0.220035
0.241318
0.261960
0.281942
0.301245
0.319851
0.337745
0.354913
0.371340
0.387015
0.401927
0.416065
0.429421
0.441989
0.453761
0.464734
0.474905
0.484270
0.492829
0.500583
0.507532
0.513680
0.519031
0.523589
0.527361
0.530355
0.532578
0.534041
0.534754
0.534729
0.533978
0.532516
0.530357
0.527516
0.524010
0.519857
0.515075
0.509681
0.503697
0.497143
0.490039
0.482408
0.474271
0.465651
0.456573
0.447058
0.437133
0.426820
0.416146
0.405136
0.393814
0.382206
0.370338
0.358237
0.345928
0.333437
0.320789
0.308012
0.295130
0.282170
0.269156
0.256114
0.243069
0.230045
0.217067
0.204158
0.191342
0.178642
0.166080
0.153678
0.141458
0.129440
0.117643
0.106088
0.094793
0.083776
0.073055
0.062644
0.052561
0.042820
0.033435
0.024418
0.015782
0.007538
-0.000303
-0.007733
-0.014743
-0.021325
-0.027472
-0.033181
-0.038444
-0.043260
-0.047626
-0.051540
-0.055001
-0.058009
-0.060567
-0.062676
-0.064339
-0.065561
-0.066346
-0.066702
-0.066633
-0.066150
-0.065259
-0.063971
-0.062296
-0.060244
-0.057829
-0.055063
-0.051959
-0.048531
-0.044794
-0.040763
-0.036456
-0.031887
-0.027075
-0.022038
-0.016792
-0.011358
-0.005754
-0.000000
0.005885
0.011880
0.017966
0.024121
0.030324
0.036556
0.042795
0.049019
0.055208
0.061341
0.067397
0.073354
0.079192
0.084891
0.090429
0.095788
0.100947
0.105886
0.110587
0.115030
0.119199
0.123074
0.126638
0.129876
0.132770
0.135306
0.137469
0.139244
0.140618
0.141578
0.142113
0.142211
0.141862
0.141057
0.139787
0.138044
0.135822
0.133115
0.129917
0.126226
0.122038
0.117350
0.112163
0.106475
0.100288
0.093604
0.086426
0.078758
0.070606
0.061974
0.052870
0.043303
0.033280
0.022813
0.011913
0.000591
-0.011140
-0.023265
-0.035771
-0.048640
-0.061857
-0.075405
-0.089264
-0.103416
-0.117841
-0.132518
-0.147426
-0.162542
-0.177845
-0.193310
-0.208913
-0.224631
-0.240438
-0.256308
-0.272215
-0.288134
-0.304036
-0.319896
-0.335685
-0.351376
-0.366941
-0.382352
-0.397580
-0.412599
-0.427378
-0.441891
-0.456109
-0.470004
-0.483548
-0.496713
-0.509472
-0.521799
-0.533665
-0.545045
-0.555912
-0.566242
-0.576009
-0.585189
-0.593759
-0.601694
-0.608973
-0.615574
-0.621477
-0.626660
-0.631105
-0.634794
-0.637709
-0.639834
-0.641153
-0.641651
-0.641317
-0.640137
-0.638101
-0.635197
-0.631419
-0.626757
-0.621206
-0.614761
-0.607418
-0.599174
-0.590028
-0.579979
-0.569031
-0.557184
-0.544443
-0.530814
-0.516303
-0.500918
-0.484668
-0.467565
-0.449621
-0.430848
-0.411262
-0.390879
-0.369716
-0.347792
-0.325126
-0.301741
-0.277657
-0.252900
-0.227494
-0.201465
-0.174840
-0.147647
-0.119916
-0.091678
-0.062963
-0.033804
-0.004234
0.025712
0.056000
0.086592
0.117454
0.148547
0.179833
0.211273
0.242829
0.274460
0.306126
0.337786
0.369399
0.400924
0.432319
0.463542
0.494550
0.525302
0.555756
0.585869
0.615599
0.644904
0.673742
0.702072
0.729852
0.757041
0.783600
0.809488
0.834665
0.859093
0.882733
0.905548
0.927502
0.948558
0.968681
0.987838
1.005994
1.023119
1.039181
1.054151
1.067999
1.080698
1.092223
1.102547
1.111649
1.119505
1.126095
1.131401
1.135403
1.138087
1.139438
1.139442
1.138089
1.135369
1.131274
1.125799
1.118937
1.110687
1.101048
1.090021
1.077608
1.063813
1.048643
1.032106
1.014212
0.994972
0.974399
0.952509
0.929318
0.904846
0.879113
0.852141
0.823954
0.794578
0.764040
0.732369
0.699596
0.665753
0.630874
0.594993
0.558149
0.520378
0.481722
0.442220
0.401915
0.360851
0.319073
0.276627
0.233560
0.189920
0.145757
0.101121
0.056062
0.010634
-0.035112
-0.081122
-0.127341
-0.173715
-0.220189
-0.266707
-0.313213
-0.359651
-0.405964
-0.452095
-0.497987
-0.543583
-0.588827
-0.633662
-0.678031
-0.721878
-0.765147
-0.807782
-0.849728
-0.890932
-0.931337
-0.970893
-1.009545
-1.047243
-1.083936
-1.119574
-1.154108
-1.187491
-1.219676
-1.250618
-1.280274
-1.308600
-1.335556
-1.361101
-1.385199
-1.407812
-1.428905
-1.448445
-1.466402
-1.482744
-1.497446
-1.510479
-1.521821
-1.531449
-1.539344
-1.545487
-1.549863
-1.552457
-1.553258
-1.552255
-1.549443
-1.544815
-1.538368
-1.530101
-1.520016
-1.508117
-1.494408
-1.478898
-1.461598
-1.442519
-1.421676
-1.399087
-1.374770
-1.348747
-1.321041
-1.291678
-1.260685
-1.228092
-1.193931
-1.158236
-1.121043
-1.082390
-1.042316
-1.000863
-0.958075
-0.913996
-0.868675
-0.822159
-0.774500
-0.725748
-0.675958
-0.625184
-0.573483
-0.520912
-0.467530
-0.413398
-0.358576
-0.303127
-0.247114
-0.190601
-0.133654
-0.076338
-0.018719
0.039135
0.097157
0.155279
0.213433
0.271549
0.329560
0.387396
0.444988
0.502267
0.559165
0.615614
0.671544
0.726889
0.781580
0.835553
0.888739
0.941075
0.992495
1.042936
1.092335
1.140631
1.187764
1.233674
1.278303
1.321596
1.363496
1.403950
1.442907
1.480315
1.516127
1.550295
1.582775
1.613523
1.642498
1.669662
1.694976
1.718407
1.739921
1.759487
1.777078
1.792668
1.806232
1.817749
1.827201
1.834571
1.839844
1.843010
1.844059
1.842985
1.839783
1.834452
1.826993
1.817409
1.805708
1.791896
1.775986
1.757992
1.737928
1.715816
1.691674
1.665528
1.637404
1.607329
1.575335
1.541456
1.505727
1.468185
1.428872
1.387829
1.345101
1.300735
1.254779
1.207284
1.158302
1.107889
1.056100
1.002993
0.948628
0.893067
0.836371
0.778606
0.719838
0.660132
0.599558
0.538185
0.476084
0.413325
0.349981
0.286126
0.221832
0.157176
0.092232
0.027075
-0.038219
-0.103573
-0.168911
-0.234156
-0.299233
-0.364064
-0.428573
-0.492685
-0.556324
-0.619414
-0.681882
-0.743653
-0.804654
-0.864812
-0.924057
-0.982318
-1.039524
-1.095609
-1.150505
-1.204146
-1.256468
-1.307409
-1.356907
-1.404902
-1.451338
-1.496158
-1.539307
-1.580734
-1.620388
-1.658221
-1.694187
-1.728242
-1.760345
-1.790456
-1.818538
-1.844556
-1.868478
-1.890274
-1.909918
-1.927383
-1.942649
-1.955694
-1.966504
-1.975062
-1.981357
-1.985381
-1.987126
-1.986590
-1.983772
-1.978672
-1.971297
-1.961652
-1.949748
-1.935597
-1.919215
-1.900619
-1.879830
-1.856872
-1.831769
-1.804551
-1.775248
-1.743893
-1.710522
-1.675173
-1.637888
-1.598707
-1.557678
-1.514846
-1.470262
-1.423977
-1.376044
-1.326520
-1.275460
-1.222926
-1.168977
-1.113677
-1.057090
-0.999282
-0.940319
-0.880271
-0.819208
-0.757201
-0.694322
-0.630645
-0.566243
-0.501193
-0.435569
-0.369450
-0.302911
-0.236030
-0.168886
-0.101557
-0.034122
0.033342
0.100754
0.168037
0.235111
0.301899
0.368323
0.434305
0.499769
0.564638
0.628837
0.692291
0.754926
0.816670
0.877450
0.937197
0.995841
1.053314
1.109550
1.164483
1.218050
1.270189
1.320841
1.369947
1.417450
1.463297
1.507434
1.549811
1.590381
1.629096
1.665913
1.700790
1.733688
1.764571
1.793403
1.820152
1.844790
1.867289
1.887624
1.905774
1.921720
1.935445
1.946934
1.956177
1.963165
1.967892
1.970354
1.970552
1.968487
1.964165
1.957592
1.948778
1.937737
1.924484
1.909037
1.891416
1.871645
1.849750
1.825758
1.799700
1.771609
1.741521
1.709474
1.675507
1.639662
1.601985
1.562521
1.521320
1.478432
1.433909
1.387805
1.340178
1.291085
1.240585
1.188740
1.135613
1.081267
1.025768
0.969182
0.911578
0.853025
0.793593
0.733352
0.672375
0.610733
0.548501
0.485752
0.422560
0.359001
0.295148
0.231078
0.166865
0.102585
0.038314
-0.025874
-0.089904
-0.153701
-0.217190
-0.280299
-0.342954
-0.405082
-0.466613
-0.527475
-0.587599
-0.646916
-0.705357
-0.762858
-0.819351
-0.874774
-0.929064
-0.982160
-1.034003
-1.084534
-1.133698
-1.181440
-1.227708
-1.272451
-1.315620
-1.357168
-1.397051
-1.435227
-1.471654
-1.506295
-1.539113
-1.570075
-1.599149
-1.626305
-1.651518
-1.674763
-1.696017
-1.715261
-1.732479
-1.747655
-1.760777
-1.771836
-1.780824
-1.787737
-1.792572
-1.795330
-1.796014
-1.794629
-1.791182
-1.785683
-1.778146
-1.768586
-1.757019
-1.743465
-1.727946
-1.710488
-1.691116
-1.669858
-1.646747
-1.621815
-1.595097
-1.566631
-1.536456
-1.504612
-1.471143
-1.436094
-1.399510
-1.361442
-1.321937
-1.281048
-1.238828
-1.195330
-1.150612
-1.104729
-1.057739
-1.009703
-0.960680
-0.910732
-0.859921
-0.808310
-0.755964
-0.702945
-0.649320
-0.595154
-0.540513
-0.485463
-0.430071
-0.374403
-0.318526
-0.262508
-0.206414
-0.150311
-0.094266
-0.038345
0.017388
0.072866
0.128025
0.182802
0.237133
0.290956
0.344209
0.396832
0.448765
0.499950
0.550329
0.599846
0.648447
0.696077
0.742685
0.788220
0.832632
0.875875
0.917903
0.958670
0.998135
1.036257
1.072997
1.108317
1.142182
1.174560
1.205419
1.234729
1.262463
1.288596
1.313104
1.335967
1.357165
1.376682
1.394503
1.410615
1.425007
1.437672
1.448602
1.457795
1.465248
1.470961
1.474937
1.477180
1.477696
1.476495
1.473588
1.468986
1.462704
1.454760
1.445172
1.433960
1.421148
1.406759
1.390820
1.373358
1.354403
1.333987
1.312143
1.288904
1.264307
1.238390
1.211191
1.182751
1.153111
1.122315
1.090406
1.057429
1.023431
0.988459
0.952561
0.915786
0.878184
0.839805
0.800701
0.760924
0.720525
0.679558
0.638076
0.596132
0.553780
0.511074
0.468068
0.424816
0.381372
0.337790
0.294124
0.250427
0.206753
0.163154
0.119682
0.076390
0.033330
-0.009449
-0.051897
-0.093963
-0.135600
-0.176760
-0.217396
-0.257462
-0.296915
-0.335710
-0.373804
-0.411158
-0.447729
-0.483481
-0.518374
-0.552374
-0.585446
-0.617555
-0.648671
-0.678763
-0.707802
-0.735760
-0.762613
-0.788336
-0.812907
-0.836305
-0.858510
-0.879505
-0.899275
-0.917805
-0.935083
-0.951098
-0.965841
-0.979305
-0.991484
-1.002374
-1.011974
-1.020282
-1.027300
-1.033030
-1.037478
-1.040649
-1.042550
-1.043192
-1.042585
-1.040742
-1.037675
-1.033402
-1.027938
-1.021302
-1.013513
-1.004593
-0.994563
-0.983448
-0.971272
-0.958061
-0.943841
-0.928643
-0.912493
-0.895424
-0.877465
-0.858649
-0.839009
-0.818579
-0.797393
-0.775486
-0.752894
-0.729654
-0.705802
-0.681376
-0.656413
-0.630952
-0.605032
-0.578690
-0.551966
-0.524899
-0.497528
-0.469892
-0.442030
-0.413982
-0.385787
-0.357482
-0.329107
-0.300700
-0.272298
-0.243940
-0.215662
-0.187500
-0.159491
-0.131670
-0.104072
-0.076730
-0.049679
-0.022951
0.003423
0.029412
0.054985
0.080113
0.104768
0.128923
0.152552
0.175630
0.198132
0.220035
0.241318
0.261960
0.281942
0.301245
0.319851
0.337745
0.354913
0.371340
0.387015
0.401927
0.416065
0.429421
0.441989
0.453761
0.464734
0.474905
0.484270
0.492829
0.500583
0.507532
0.513680
0.519031
0.523589
0.527361
0.530355
0.532578
0.534041
0.534754
0.534729
0.533978
0.532516
0.530357
0.527516
0.524010
0.519857
0.515075
0.509681
0.503697
0.497143
0.490039
0.482408
0.474271
0.465651
0.456573
0.447058
0.437133
0.426820
0.416146
0.405136
0.393814
0.382206
0.370338
0.358237
0.345928
0.333437
0.320789
0.308012
0.295130
0.282170
0.269156
0.256114
0.243069
0.230045
0.217067
0.204158
0.191342
0.178642
0.166080
0.153678
0.141458
0.129440
0.117643
0.106088
0.094793
0.083776
0.073055
0.062644
0.052561
0.042820
0.033435
0.024418
0.015782
0.007538
-0.000303
-0.007733
-0.014743
-0.021325
-0.027472
-0.033181
-0.038444
-0.043260
-0.047626
-0.051540
-0.055001
-0.058009
-0.060567
-0.062676
-0.064339
-0.065561
-0.066346
-0.066702
-0.066633
-0.066150
-0.065259
-0.063971
-0.062296
-0.060244
-0.057829
-0.055063
-0.051959
-0.048531
-0.044794
-0.040763
-0.036456
-0.031887
-0.027075
-0.022038
-0.016792
-0.011358
-0.005754
-0.000000
0.005885
0.011880
0.017966
0.024121
0.030324
0.036556
0.042795
0.049019
0.055208
0.061341
0.067397
0.073354
0.079192
0.084891
0.090429
0.095788
0.100947
0.105886
0.110587
0.115030
0.119199
0.123074
0.126638
0.129876
0.132770
0.135306
0.137469
0.139244
0.140618
0.141578
0.142113
0.142211
0.141862
0.141057
0.139787
0.138044
0.135822
0.133115
0.129917
0.126226
0.122038
0.117350
0.112163
0.106475
0.100288
0.093604
0.086426
0.078758
0.070606
0.061974
0.052870
0.043303
0.033280
0.022813
0.011913
0.000591
-0.011140
-0.023265
-0.035771
-0.048640
-0.061857
-0.075405
-0.089264
-0.103416
-0.117841
-0.132518
-0.147426
-0.162542
-0.177845
-0.193310
-0.208913
-0.224631
-0.240438
-0.256308
-0.272215
-0.288134
-0.304036
-0.319896
-0.335685
-0.351376
-0.366941
-0.382352
-0.397580
-0.412599
-0.427378
-0.441891
-0.456109
-0.470004
-0.483548
-0.496713
-0.509472
-0.521799
-0.533665
-0.545045
-0.555912
-0.566242
-0.576009
-0.585189
-0.593759
-0.601694
-0.608973
-0.615574
-0.621477
-0.626660
-0.631105
-0.634794
-0.637709
-0.639834
-0.641153
-0.641651
-0.641317
-0.640137
-0.638101
-0.635197
-0.631419
-0.626757
-0.621206
-0.614761
-0.607418
-0.599174
-0.590028
-0.579979
-0.569031
-0.557184
-0.544443
-0.530814
-0.516303
-0.500918
-0.484668
-0.467565
-0.449621
-0.430848
-0.411262
-0.390879
-0.369716
-0.347792
-0.325126
-0.301741
-0.277657
-0.252900
-0.227494
-0.201465
-0.174840
-0.147647
-0.119916
-0.091678
-0.062963
-0.033804
-0.004234
0.025712
0.056000
0.086592
0.117454
0.148547
0.179833
0.211273
0.242829
0.274460
0.306126
0.337786
0.369399
0.400924
0.432319
0.463542
0.494550
0.525302
0.555756
0.585869
0.615599
0.644904
0.673742
0.702072
0.729852
0.757041
0.783600
0.809488
0.834665
0.859093
0.882733
0.905548
0.927502
0.948558
0.968681
0.987838
1.005994
1.023119
1.039181
1.054151
1.067999
1.080698
1.092223
1.102547
1.111649
1.119505
1.126095
1.131401
1.135403
1.138087
1.139438
1.139442
1.138089
1.135369
1.131274
1.125799
1.118937
1.110687
1.101048
1.090021
1.077608
1.063813
1.048643
1.032106
1.014212
0.994972
0.974399
0.952509
0.929318
0.904846
0.879113
0.852141
0.823954
0.794578
0.764040
0.732369
0.699596
0.665753
0.630874
0.594993
0.558149
0.520378
0.481722
0.442220
0.401915
0.360851
0.319073
0.276627
0.233560
0.189920
0.145757
0.101121
0.056062
0.010634
-0.035112
-0.081122
-0.127341
-0.173715
-0.220189
-0.266707
-0.313213
-0.359651
-0.405964
-0.452095
-0.497987
-0.543583
-0.588827
-0.633662
-0.678031
-0.721878
-0.765147
-0.807782
-0.849728
-0.890932
-0.931337
-0.970893
-1.009545
-1.047243
-1.083936
-1.119574
-1.154108
-1.187491
-1.219676
-1.250618
-1.280274
-1.308600
-1.335556
-1.361101
-1.385199
-1.407812
-1.428905
-1.448445
-1.466402
-1.482744
-1.497446
-1.510479
-1.521821
-1.531449
-1.539344
-1.545487
-1.549863
-1.552457
-1.553258
-1.552255
-1.549443
-1.544815
-1.538368
-1.530101
-1.520016
-1.508117
-1.494408
-1.478898
-1.461598
-1.442519
-1.421676
-1.399087
-1.374770
-1.348747
-1.321041
-1.291678
-1.260685
-1.228092
-1.193931
-1.158236
-1.121043
-1.082390
-1.042316
-1.000863
-0.958075
-0.913996
-0.868675
-0.822159
-0.774500
-0.725748
-0.675958
-0.625184
-0.573483
-0.520912
-0.467530
-0.413398
-0.358576
-0.303127
-0.247114
-0.190601
-0.133654
-0.076338
-0.018719
0.039135
0.097157
0.155279
0.213433
0.271549
0.329560
0.387396
0.444988
0.502267
0.559165
0.615614
0.671544
0.726889
0.781580
0.835553
0.888739
0.941075
0.992495
1.042936
1.092335
1.140631
1.187764
1.233674
1.278303
1.321596
1.363496
1.403950
1.442907
1.480315
1.516127
1.550295
1.582775
1.613523
1.642498
1.669662
1.694976
1.718407
1.739921
1.759487
1.777078
1.792668
1.806232
1.817749
1.827201
1.834571
1.839844
1.843010
1.844059
1.842985
1.839783
1.834452
1.826993
1.817409
1.805708
1.791896
1.775986
1.757992
1.737928
1.715816
1.691674
1.665528
1.637404
1.607329
1.575335
1.541456
1.505727
1.468185
1.428872
1.387829
1.345101
1.300735
1.254779
1.207284
1.158302
1.107889
1.056100
1.002993
0.948628
0.893067
0.836371
0.778606
0.719838
0.660132
0.599558
0.538185
0.476084
0.413325
0.349981
0.286126
0.221832
0.157176
0.092232
0.027075
-0.038219
-0.103573
-0.168911
-0.234156
-0.299233
-0.364064
-0.428573
-0.492685
-0.556324
-0.619414
-0.681882
-0.743653
-0.804654
-0.864812
-0.924057
-0.982318
-1.039524
-1.095609
-1.150505
-1.204146
-1.256468
-1.307409
-1.356907
-1.404902
-1.451338
-1.496158
-1.539307
-1.580734
-1.620388
-1.658221
-1.694187
-1.728242
-1.760345
-1.790456
-1.818538
-1.844556
-1.868478
-1.890274
-1.909918
-1.927383
-1.942649
-1.955694
-1.966504
-1.975062
-1.981357
-1.985381
-1.987126
-1.986590
-1.983772
-1.978672
-1.971297
-1.961652
-1.949748
-1.935597
-1.919215
-1.900619
-1.879830
-1.856872
-1.831769
-1.804551
-1.775248
-1.743893
-1.710522
-1.675173
-1.637888
-1.598707
-1.557678
-1.514846
-1.470262
-1.423977
-1.376044
-1.326520
-1.275460
-1.222926
-1.168977
-1.113677
-1.057090
-0.999282
-0.940319
-0.880271
-0.819208
-0.757201
-0.694322
-0.630645
-0.566243
-0.501193
-0.435569
-0.369450
-0.302911
-0.236030
-0.168886
-0.101557
-0.034122
0.033342
0.100754
0.168037
0.235111
0.301899
0.368323
0.434305
0.499769
0.564638
0.628837
0.692291
0.754926
0.816670
0.877450
0.937197
0.995841
1.053314
1.109550
1.164483
1.218050
1.270189
1.320841
1.369947
1.417450
1.463297
1.507434
1.549811
1.590381
1.629096
1.665913
1.700790
1.733688
1.764571
1.793403
1.820152
1.844790
1.867289
1.887624
1.905774
1.921720
1.935445
1.946934
1.956177
1.963165
1.967892
1.970354
1.970552
1.968487
1.964165
1.957592
1.948778
1.937737
1.924484
1.909037
1.891416
1.871645
1.849750
1.825758
1.799700
1.771609
1.741521
1.709474
1.675507
1.639662
1.601985
1.562521
1.521320
1.478432
1.433909
1.387805
1.340178
1.291085
1.240585
1.188740
1.135613
1.081267
1.025768
0.969182
0.911578
0.853025
0.793593
0.733352
0.672375
0.610733
0.548501
0.485752
0.422560
0.359001
0.295148
0.231078
0.166865
0.102585
0.038314
-0.025874
-0.089904
-0.153701
-0.217190
-0.280299
-0.342954
-0.405082
-0.466613
-0.527475
-0.587599
-0.646916
-0.705357
-0.762858
-0.819351
-0.874774
-0.929064
-0.982160
-1.034003
-1.084534
-1.133698
-1.181440
-1.227708
-1.272451
-1.315620
-1.357168
-1.397051
-1.435227
-1.471654
-1.506295
-1.539113
-1.570075
-1.599149
-1.626305
-1.651518
-1.674763
-1.696017
-1.715261
-1.732479
-1.747655
-1.760777
-1.771836
-1.780824
-1.787737
-1.792572
-1.795330
-1.796014
-1.794629
-1.791182
-1.785683
-1.778146
-1.768586
-1.757019
-1.743465
-1.727946
-1.710488
-1.691116
-1.669858
-1.646747
-1.621815
-1.595097
-1.566631
-1.536456
-1.504612
-1.471143
-1.436094
-1.399510
-1.361442
-1.321937
-1.281048
-1.238828
-1.195330
-1.150612
-1.104729
-1.057739
-1.009703
-0.960680
-0.910732
-0.859921
-0.808310
-0.755964
-0.702945
-0.649320
-0.595154
-0.540513
-0.485463
-0.430071
-0.374403
-0.318526
-0.262508
-0.206414
-0.150311
-0.094266
-0.038345
0.017388
0.072866
0.128025
0.182802
0.237133
0.290956
0.344209
0.396832
0.448765
0.499950
0.550329
0.599846
0.648447
0.696077
0.742685
0.788220
0.832632
0.875875
0.917903
0.958670
0.998135
1.036257
1.072997
1.108317
1.142182
1.174560
1.205419
1.234729
1.262463
1.288596
1.313104
1.335967
1.357165
1.376682
1.394503
1.410615
1.425007
1.437672
1.448602
1.457795
1.465248
1.470961
1.474937
1.477180
1.477696
1.476495
1.473588
1.468986
1.462704
1.454760
1.445172
1.433960
1.421148
1.406759
1.390820
1.373358
1.354403
1.333987
1.312143
1.288904
